{
  "feature": "interests",
  "matrix": [
    [
      1.0,
      0.7809968784035146,
      0.7791583464847129,
      0.5557806131599268,
      0.7294586444922149,
      0.8960921513470022,
      0.7146997579145549,
      0.7992971405993261,
      0.7678240705531876,
      0.7809968784035146,
      0.7593107097625404,
      0.8197545033828453,
      0.7638640652571409,
      0.7847686906834412,
      0.8110078141886798,
      0.7538349431748204,
      0.7812669377848129,
      0.755014824024268,
      0.7026795193453008,
      0.7294586444922149,
      0.8121244630344124,
      0.8213209253062796,
      0.752765909515021,
      0.8070481163190109,
      0.752765909515021,
      0.8231140273349009,
      0.8213209253062796,
      0.7896544250440074,
      0.8014414813837287,
      0.7951174356801025,
      0.8822518955880523,
      0.8121244630344124,
      0.814016066102552,
      0.8131840146694189,
      0.7398593142356502,
      0.7146997579145549,
      0.7949156608024728,
      0.8709706665522849,
      0.8709706665522849,
      0.8213209253062796,
      0.8222725993232514,
      0.7678240705531876,
      0.7146997579145549,
      0.7851421726464365,
      0.8356907215731897,
      0.8253293965808941,
      0.8053329013406021,
      0.8225818174463932,
      0.8803378791424956,
      0.7719186876027184,
      0.8417289735193354,
      0.752765909515021,
      0.8018225742311946,
      0.752765909515021,
      0.867814117775219,
      0.9,
      0.8222725993232514,
      0.721459115447699,
      0.7638640652571409,
      0.7654405619662166,
      0.7859743602816449,
      0.7294586444922149,
      0.8222725993232514,
      0.8057002466371488,
      0.8513498917527991,
      0.8522850673338289,
      0.5293333100164128,
      0.8128949297633241,
      0.7273110204450743,
      0.7146997579145549,
      0.721459115447699,
      0.7723149160618854,
      0.8170477199858159,
      0.7593107097625404,
      0.7638640652571409,
      0.7794462978882553,
      0.7746414663699981,
      0.867235543316105,
      0.8709706665522849,
      0.4731997295913911,
      0.7431728217255882,
      0.8226811901909916,
      0.755014824024268,
      0.7049102287436277,
      0.796546193559486,
      0.8004167897367365,
      0.7743277689468098,
      0.8327181061818605,
      0.7719186876027184,
      0.8303240417790942,
      0.7942374639815553,
      0.8531826771811455,
      0.7940649724758546,
      0.7294586444922149,
      0.8014414813837287,
      0.7853081103587323,
      0.9,
      0.8004167897367365,
      0.8303240417790942,
      0.7146997579145549
    ],
    [
      0.7809968784035146,
      1.0,
      0.8654394224977684,
      0.5543184880014346,
      0.7538811007115804,
      0.717548061641704,
      0.7224055858142819,
      0.844292412257347,
      0.7794432887628342,
      0.9,
      0.7755951363186124,
      0.7452880057484752,
      0.7120364640158456,
      0.7095783626864796,
      0.8118790147540498,
      0.7605381747417401,
      0.7989508939532595,
      0.776661866957447,
      0.7217833987050197,
      0.7538811007115804,
      0.8105341486317128,
      0.8150475653335398,
      0.7502584529666985,
      0.7889226378952836,
      0.7502584529666985,
      0.7752867735961415,
      0.8150475653335398,
      0.8116745070843421,
      0.7532935696110818,
      0.7793913517644409,
      0.8849840992278566,
      0.8105341486317128,
      0.8395417458830017,
      0.8161529213951928,
      0.8836043915484948,
      0.7224055858142819,
      0.8310523109704695,
      0.884685095049333,
      0.884685095049333,
      0.8150475653335398,
      0.8285207141237985,
      0.7794432887628342,
      0.7224055858142819,
      0.7793486063779942,
      0.7914611099514266,
      0.7819462531875314,
      0.7513459187679126,
      0.7796328609461409,
      0.8943737827504996,
      0.8025749864151996,
      0.8494758714548186,
      0.7502584529666985,
      0.8640366098508989,
      0.7502584529666985,
      0.8004398383836073,
      0.7809968784035146,
      0.8285207141237985,
      0.7795946248630568,
      0.7120364640158456,
      0.759984577298348,
      0.7689656534656308,
      0.7538811007115804,
      0.8285207141237985,
      0.7439304272933078,
      0.7822825646868368,
      0.7633376870683382,
      0.5301297652950295,
      0.7900479976547126,
      0.714831862782868,
      0.7224055858142819,
      0.7795946248630568,
      0.7515654866082271,
      0.8438276074884521,
      0.7755951363186124,
      0.7120364640158456,
      0.7484584083366301,
      0.7624889785364111,
      0.7993096490056106,
      0.884685095049333,
      0.47195561994255797,
      0.7511889292212137,
      0.8097466059293139,
      0.776661866957447,
      0.8909159656779877,
      0.782351292608668,
      0.7912903595863816,
      0.781365033963968,
      0.7997448263888303,
      0.8025749864151996,
      0.8110137016972518,
      0.7583914785352432,
      0.787667323511684,
      0.7767365942784685,
      0.7538811007115804,
      0.7532935696110818,
      0.836183418143222,
      0.7809968784035146,
      0.7912903595863816,
      0.8110137016972518,
      0.7224055858142819
    ],
    [
      0.7791583464847129,
      0.8654394224977684,
      0.9999999999999998,
      0.5526491101124913,
      0.7437296464882628,
      0.7231201491082466,
      0.7042453738563017,
      0.8521670999962638,
      0.7622311455250004,
      0.8654394224977684,
      0.7699787821105484,
      0.737510309182277,
      0.7016334657908594,
      0.7144362302406218,
      0.8104335289837696,
      0.7703334324262519,
      0.8060318730144456,
      0.7605984384304132,
      0.7144363083145735,
      0.7437296464882628,
      0.8117715629709064,
      0.797394324697555,
      0.742590121650434,
      0.7956454249494143,
      0.742590121650434,
      0.7808732078276996,
      0.797394324697555,
      0.8223962302290233,
      0.7498346863794274,
      0.7882678154805383,
      0.8757536291436469,
      0.8117715629709064,
      0.8305901867472734,
      0.8151807185983779,
      0.8856386545492436,
      0.7042453738563017,
      0.8357049515244599,
      0.8789155405142739,
      0.8789155405142739,
      0.797394324697555,
      0.8214389374237638,
      0.7622311455250004,
      0.7042453738563017,
      0.7936119031218152,
      0.8042011257463395,
      0.7978874608598556,
      0.7517480826094887,
      0.7873188924505956,
      0.8948772393352005,
      0.7972027563182944,
      0.8393933013680358,
      0.742590121650434,
      0.8390902090519174,
      0.742590121650434,
      0.8012109017109732,
      0.7791583464847129,
      0.8214389374237638,
      0.7694546454031004,
      0.7016334657908594,
      0.7604600774508501,
      0.758389831140005,
      0.7437296464882628,
      0.8214389374237638,
      0.7440059300999027,
      0.7912982014023826,
      0.759376667275907,
      0.5268056260466566,
      0.8014821781294847,
      0.7123370061880876,
      0.7042453738563017,
      0.7694546454031004,
      0.7507339105184134,
      0.8336721878678521,
      0.7699787821105484,
      0.7016334657908594,
      0.7698743140023521,
      0.7798240519957236,
      0.8014986207810444,
      0.8789155405142739,
      0.46998289358868256,
      0.7654973792447635,
      0.80078333197627,
      0.7605984384304132,
      0.8837905793489934,
      0.7907127931917037,
      0.7899814610241682,
      0.7902372155746196,
      0.7955869931582651,
      0.7972027563182944,
      0.7980821135567839,
      0.7755127552171688,
      0.7855471423391651,
      0.7938970453528129,
      0.7437296464882628,
      0.7498346863794274,
      0.8592818978106862,
      0.7791583464847129,
      0.7899814610241682,
      0.7980821135567839,
      0.7042453738563017
    ],
    [
      0.5557806131599268,
      0.5543184880014346,
      0.5526491101124913,
      1.0,
      0.5435585392240911,
      0.5126529341589133,
      0.5392004708874559,
      0.5612794534803123,
      0.5399823526202681,
      0.5543184880014346,
      0.558433091579542,
      0.5520223605786369,
      0.542627821485584,
      0.5525717768885381,
      0.5679229394783911,
      0.5516306748835672,
      0.5658353194020748,
      0.5473997407501427,
      0.5159301563875838,
      0.5435585392240911,
      0.5560670183844856,
      0.561726828008009,
      0.5435686205498315,
      0.5663509373807059,
      0.5435686205498315,
      0.5440358889271223,
      0.561726828008009,
      0.5621739712400242,
      0.5379995861518373,
      0.5722822759960723,
      0.5031690821147496,
      0.5560670183844856,
      0.5585898404622742,
      0.5665500984717007,
      0.541939788290706,
      0.5392004708874559,
      0.5640807415602438,
      0.5170775086724564,
      0.5170775086724564,
      0.561726828008009,
      0.5493320757680119,
      0.5399823526202681,
      0.5392004708874559,
      0.5380865554144171,
      0.55854888067326,
      0.5580753441561519,
      0.5337954830664912,
      0.5653663763188639,
      0.518348185366704,
      0.5433724759901233,
      0.49753405017877256,
      0.5435686205498315,
      0.5561652787144986,
      0.5435686205498315,
      0.5580677551966887,
      0.5557806131599268,
      0.5493320757680119,
      0.5449844058872835,
      0.542627821485584,
      0.5513126582842741,
      0.5415998416245575,
      0.5435585392240911,
      0.5493320757680119,
      0.5399721882529743,
      0.5556947479119654,
      0.5532744213276096,
      0.8314498200608553,
      0.5665263303564696,
      0.5150033533308265,
      0.5392004708874559,
      0.5449844058872835,
      0.5535078124368765,
      0.5618713810546252,
      0.558433091579542,
      0.542627821485584,
      0.5409052360567764,
      0.5651152548742806,
      0.5581914747547612,
      0.5170775086724564,
      0.7206192525245967,
      0.532936027252223,
      0.5670549161057967,
      0.5473997407501427,
      0.5076886005859019,
      0.5710623008114273,
      0.5415648639732917,
      0.5687859497161027,
      0.5566171510668869,
      0.5433724759901233,
      0.5569743178390659,
      0.5374173309687599,
      0.5473415975924909,
      0.5587607243605532,
      0.5435585392240911,
      0.5379995861518373,
      0.5549221765368526,
      0.5557806131599268,
      0.5415648639732917,
      0.5569743178390659,
      0.5392004708874559
    ],
    [
      0.7294586444922149,
      0.7538811007115804,
      0.7437296464882628,
      0.5435585392240911,
      1.0,
      0.8963282332666866,
      0.8388759304028715,
      0.7370342699553065,
      0.7641358814221033,
      0.7538811007115804,
      0.7849468463379132,
      0.7709329759520516,
      0.7875519041555021,
      0.7351797224667997,
      0.7074363022724246,
      0.8926738885073137,
      0.7130451833822087,
      0.8313931562982222,
      0.7020589153064019,
      0.9,
      0.7181187849152841,
      0.7766849521591108,
      0.8249249945835131,
      0.7481967199443005,
      0.8249249945835131,
      0.7334452666078226,
      0.7766849521591108,
      0.8920629215696838,
      0.7662083587718898,
      0.8967483381774994,
      0.8830412715749419,
      0.7181187849152841,
      0.7724539872145184,
      0.7108226140806229,
      0.712715966675117,
      0.8388759304028715,
      0.7335871796220998,
      0.7801549664736465,
      0.7801549664736465,
      0.7766849521591108,
      0.7705977839468976,
      0.7641358814221033,
      0.8388759304028715,
      0.7466235503001273,
      0.7066012904171681,
      0.7068736814708767,
      0.7094033980035583,
      0.7147996255337123,
      0.7851512557602964,
      0.76810003125326,
      0.7058371965114092,
      0.8249249945835131,
      0.7659432530813604,
      0.8249249945835131,
      0.7305131876019548,
      0.7294586444922149,
      0.7705977839468976,
      0.8260197553407724,
      0.7875519041555021,
      0.8981643215281215,
      0.7099207259488025,
      0.9,
      0.7705977839468976,
      0.7379867682773531,
      0.707111571401851,
      0.7395924108513641,
      0.52447700915027,
      0.7098652263393512,
      0.8772390721646031,
      0.8388759304028715,
      0.8260197553407724,
      0.7630421609363245,
      0.7765814316869117,
      0.7849468463379132,
      0.7875519041555021,
      0.7335522831706642,
      0.8928420509454573,
      0.7248434391036627,
      0.7801549664736465,
      0.46326695466079476,
      0.8889448699592495,
      0.7171635423377034,
      0.8313931562982222,
      0.8693223111019653,
      0.8972153089095012,
      0.7602331946260248,
      0.8926524261432623,
      0.728461431502208,
      0.76810003125326,
      0.7767890062093818,
      0.7147903529456061,
      0.7251228645963486,
      0.7351990387419027,
      0.9,
      0.7662083587718898,
      0.72724680955808,
      0.7294586444922149,
      0.7602331946260248,
      0.7767890062093818,
      0.8388759304028715
    ],
    [
      0.8960921513470022,
      0.717548061641704,
      0.7231201491082466,
      0.5126529341589133,
      0.8963282332666866,
      1.0000000000000002,
      0.8853053987125898,
      0.8894004619724669,
      0.7585219832158623,
      0.717548061641704,
      0.8685074890400425,
      0.8927604342265684,
      0.878178336036378,
      0.8773886230641833,
      0.8852880107547985,
      0.7146213790685807,
      0.8672433029010125,
      0.8803285810534617,
      0.8300855838941747,
      0.8963282332666866,
      0.7273467278545356,
      0.8931238050208263,
      0.89211737024699,
      0.8776516967989442,
      0.89211737024699,
      0.7667216588576222,
      0.8931238050208263,
      0.8793034521679302,
      0.7537745517119616,
      0.8681479340367769,
      0.7490512584348661,
      0.7273467278545356,
      0.7278659659650533,
      0.8863013792242602,
      0.8540296879542778,
      0.8853053987125898,
      0.8796930850004382,
      0.8993620837631919,
      0.8993620837631919,
      0.8931238050208263,
      0.7339138981215865,
      0.7585219832158623,
      0.8853053987125898,
      0.7934198721199639,
      0.884545216049847,
      0.8821599265460485,
      0.7669083705866762,
      0.8759821561998082,
      0.7404334291889132,
      0.7905523420627776,
      0.8677911528906342,
      0.89211737024699,
      0.7022811893086796,
      0.89211737024699,
      0.7036726793974197,
      0.8960921513470022,
      0.7339138981215865,
      0.8812491431843439,
      0.878178336036378,
      0.7030502033488955,
      0.7375608622047451,
      0.8963282332666866,
      0.7339138981215865,
      0.7405213857149662,
      0.8853398468698536,
      0.7094095595927183,
      0.4897605622700387,
      0.8801296772185643,
      0.7958011260172697,
      0.8853053987125898,
      0.8812491431843439,
      0.8613012057040528,
      0.7106857880176536,
      0.8685074890400425,
      0.878178336036378,
      0.7351570311432467,
      0.8788986769143082,
      0.7072308677220935,
      0.8993620837631919,
      0.4410883438330909,
      0.7813873361781725,
      0.8809731048496087,
      0.8803285810534617,
      0.7375601936255864,
      0.866202248971256,
      0.7870437473803022,
      0.8768371271667792,
      0.7129694367833468,
      0.7905523420627776,
      0.7042615706284931,
      0.7761920239308768,
      0.7313951100569052,
      0.8800237705705631,
      0.8963282332666866,
      0.7537745517119616,
      0.8937931796571787,
      0.8960921513470022,
      0.7870437473803022,
      0.7042615706284931,
      0.8853053987125898
    ],
    [
      0.7146997579145549,
      0.7224055858142819,
      0.7042453738563017,
      0.5392004708874559,
      0.8388759304028715,
      0.8853053987125898,
      1.0,
      0.7020486137248891,
      0.7718391363411343,
      0.7224055858142819,
      0.7613995000565965,
      0.773847557650091,
      0.7908975081356404,
      0.723368254372533,
      0.8920154488801232,
      0.8818038714904497,
      0.8915055298118515,
      0.8110329427485272,
      0.8972562618402634,
      0.8388759304028715,
      0.8987102395498769,
      0.7670072291992693,
      0.7924241121015796,
      0.7161026531883152,
      0.7924241121015796,
      0.7145976973795822,
      0.7670072291992693,
      0.8772604044172357,
      0.7607560750287574,
      0.8827061340130223,
      0.8914358463395022,
      0.8987102395498769,
      0.7472869554008112,
      0.8934764695241485,
      0.8993054085242576,
      0.9,
      0.8998430898383949,
      0.7698358779978411,
      0.7698358779978411,
      0.7670072291992693,
      0.7416921124889773,
      0.7718391363411343,
      0.9,
      0.7139762067856004,
      0.8882830929391596,
      0.8875315535586765,
      0.7021958967539281,
      0.8956454733148148,
      0.7521378399026872,
      0.7485958323076782,
      0.7298311096622532,
      0.7924241121015796,
      0.7431049627849269,
      0.7924241121015796,
      0.7083096739135217,
      0.7146997579145549,
      0.7416921124889773,
      0.7822925940228085,
      0.7908975081356404,
      0.8940328477790671,
      0.7130435413569078,
      0.8388759304028715,
      0.7416921124889773,
      0.7349368246443229,
      0.89058470633383,
      0.7364354514391573,
      0.5218772730091975,
      0.8910734909493859,
      0.8742083463044557,
      0.9,
      0.7822925940228085,
      0.7373631767447781,
      0.7486610450519966,
      0.7613995000565965,
      0.7908975081356404,
      0.8987344971415294,
      0.8784493966805311,
      0.7026055703397474,
      0.7698358779978411,
      0.4602779474472789,
      0.8764842658648893,
      0.701841617979948,
      0.8110329427485272,
      0.8756235292940817,
      0.8831224570911517,
      0.7390281129057916,
      0.8795007025881811,
      0.7161681474724273,
      0.7485958323076782,
      0.7653571507191048,
      0.8934741627266862,
      0.7112294428246146,
      0.8983078171796318,
      0.8388759304028715,
      0.7607560750287574,
      0.8939338587637291,
      0.7146997579145549,
      0.7390281129057916,
      0.7653571507191048,
      0.9
    ],
    [
      0.7992971405993261,
      0.844292412257347,
      0.8521670999962638,
      0.5612794534803123,
      0.7370342699553065,
      0.8894004619724669,
      0.7020486137248891,
      1.0,
      0.7436477118344134,
      0.844292412257347,
      0.7955000947244739,
      0.7527303566760257,
      0.7165162645456178,
      0.7360546096928502,
      0.8304206458504257,
      0.7591433149954903,
      0.8473672180723797,
      0.7719203091715818,
      0.8873557130542075,
      0.7370342699553065,
      0.8067384911392319,
      0.8158985968154382,
      0.7437843812929406,
      0.8277676514117034,
      0.7437843812929406,
      0.7702221421877251,
      0.8158985968154382,
      0.8456168532205384,
      0.7438998112598343,
      0.8215297331005795,
      0.8597445080655444,
      0.8067384911392319,
      0.827770328930727,
      0.8346843883230441,
      0.8993964498313864,
      0.7020486137248891,
      0.8738822499738426,
      0.8659694930907194,
      0.8659694930907194,
      0.8158985968154382,
      0.8144078011257776,
      0.7436477118344134,
      0.7020486137248891,
      0.7699872193241672,
      0.8313637162757628,
      0.8249343964285676,
      0.7412834571900919,
      0.8227056522675391,
      0.8803657853900576,
      0.7681589351370683,
      0.8276364088323016,
      0.7437843812929406,
      0.8435582258580303,
      0.7437843812929406,
      0.8148404783444549,
      0.7992971405993261,
      0.8144078011257776,
      0.7675485881988737,
      0.7165162645456178,
      0.7568061966885784,
      0.7475509024879976,
      0.7370342699553065,
      0.8144078011257776,
      0.7402251103157136,
      0.8203791163301324,
      0.7699241772036431,
      0.5354306793710669,
      0.8304723796046782,
      0.8908000948308489,
      0.7020486137248891,
      0.7675485881988737,
      0.7860485442574316,
      0.8398931910634908,
      0.7955000947244739,
      0.7165162645456178,
      0.7668432755610541,
      0.7977989789758282,
      0.813617339717694,
      0.8659694930907194,
      0.47688070829447093,
      0.7366928451700947,
      0.8278111035340641,
      0.7719203091715818,
      0.8720559254073168,
      0.825990379059534,
      0.7704072151257728,
      0.8058638071881488,
      0.803222107536619,
      0.7681589351370683,
      0.8120510097312943,
      0.7594864264239445,
      0.7884449255344823,
      0.8192443080979523,
      0.7370342699553065,
      0.7438998112598343,
      0.872564094958086,
      0.7992971405993261,
      0.7704072151257728,
      0.8120510097312943,
      0.7020486137248891
    ],
    [
      0.7678240705531876,
      0.7794432887628342,
      0.7622311455250004,
      0.5399823526202681,
      0.7641358814221033,
      0.7585219832158623,
      0.7718391363411343,
      0.7436477118344134,
      1.0000000000000002,
      0.7794432887628342,
      0.7277184595434414,
      0.7719109163791875,
      0.7361245324041374,
      0.7095600275285188,
      0.7522008222382093,
      0.7581802150586214,
      0.7112939876280957,
      0.7530826886688655,
      0.7890700213830377,
      0.7641358814221033,
      0.7941468561926781,
      0.7991706846597597,
      0.7403326005764845,
      0.7342190303830056,
      0.7403326005764845,
      0.7875585743247662,
      0.7991706846597597,
      0.7196128437839515,
      0.7945956328452519,
      0.7141114562975863,
      0.7625804951873798,
      0.7941468561926781,
      0.8109044219001198,
      0.752757985377642,
      0.8812967084616298,
      0.7718391363411343,
      0.7345343349970421,
      0.709764765410474,
      0.709764765410474,
      0.7991706846597597,
      0.7894560872652097,
      0.9,
      0.7718391363411343,
      0.7760335956960565,
      0.726537185533144,
      0.7181157627735211,
      0.7906965629930762,
      0.7317565828767403,
      0.7093475451981315,
      0.8468049538993356,
      0.8843423674696899,
      0.7403326005764845,
      0.7880595813320035,
      0.7403326005764845,
      0.7700692827364524,
      0.7678240705531876,
      0.7894560872652097,
      0.7275232968734238,
      0.7361245324041374,
      0.7795217097720422,
      0.834859369115859,
      0.7641358814221033,
      0.7894560872652097,
      0.7802375686324075,
      0.7309065545744193,
      0.7904612460776463,
      0.518749957549144,
      0.7318932482784957,
      0.7718046139992405,
      0.7718391363411343,
      0.7275232968734238,
      0.7075414760394179,
      0.7951922118731389,
      0.7277184595434414,
      0.7361245324041374,
      0.7281390289703682,
      0.7134709221646027,
      0.7698558907257076,
      0.709764765410474,
      0.46070376218646075,
      0.7644082851915435,
      0.7601574567735139,
      0.7530826886688655,
      0.7616275401352564,
      0.7126204656841661,
      0.8086364508857291,
      0.7240518748349647,
      0.8009701473705897,
      0.8468049538993356,
      0.8092022266994712,
      0.7570878977827047,
      0.7879523875611381,
      0.7165561690918798,
      0.7641358814221033,
      0.7945956328452519,
      0.7336098966459401,
      0.7678240705531876,
      0.8086364508857291,
      0.8092022266994712,
      0.7718391363411343
    ],
    [
      0.7809968784035146,
      0.9,
      0.8654394224977684,
      0.5543184880014346,
      0.7538811007115804,
      0.717548061641704,
      0.7224055858142819,
      0.844292412257347,
      0.7794432887628342,
      1.0,
      0.7755951363186124,
      0.7452880057484752,
      0.7120364640158456,
      0.7095783626864796,
      0.8118790147540498,
      0.7605381747417401,
      0.7989508939532595,
      0.776661866957447,
      0.7217833987050197,
      0.7538811007115804,
      0.8105341486317128,
      0.8150475653335398,
      0.7502584529666985,
      0.7889226378952836,
      0.7502584529666985,
      0.7752867735961415,
      0.8150475653335398,
      0.8116745070843421,
      0.7532935696110818,
      0.7793913517644409,
      0.8849840992278566,
      0.8105341486317128,
      0.8395417458830017,
      0.8161529213951928,
      0.8836043915484948,
      0.7224055858142819,
      0.8310523109704695,
      0.884685095049333,
      0.884685095049333,
      0.8150475653335398,
      0.8285207141237985,
      0.7794432887628342,
      0.7224055858142819,
      0.7793486063779942,
      0.7914611099514266,
      0.7819462531875314,
      0.7513459187679126,
      0.7796328609461409,
      0.8943737827504996,
      0.8025749864151996,
      0.8494758714548186,
      0.7502584529666985,
      0.8640366098508989,
      0.7502584529666985,
      0.8004398383836073,
      0.7809968784035146,
      0.8285207141237985,
      0.7795946248630568,
      0.7120364640158456,
      0.759984577298348,
      0.7689656534656308,
      0.7538811007115804,
      0.8285207141237985,
      0.7439304272933078,
      0.7822825646868368,
      0.7633376870683382,
      0.5301297652950295,
      0.7900479976547126,
      0.714831862782868,
      0.7224055858142819,
      0.7795946248630568,
      0.7515654866082271,
      0.8438276074884521,
      0.7755951363186124,
      0.7120364640158456,
      0.7484584083366301,
      0.7624889785364111,
      0.7993096490056106,
      0.884685095049333,
      0.47195561994255797,
      0.7511889292212137,
      0.8097466059293139,
      0.776661866957447,
      0.8909159656779877,
      0.782351292608668,
      0.7912903595863816,
      0.781365033963968,
      0.7997448263888303,
      0.8025749864151996,
      0.8110137016972518,
      0.7583914785352432,
      0.787667323511684,
      0.7767365942784685,
      0.7538811007115804,
      0.7532935696110818,
      0.836183418143222,
      0.7809968784035146,
      0.7912903595863816,
      0.8110137016972518,
      0.7224055858142819
    ],
    [
      0.7593107097625404,
      0.7755951363186124,
      0.7699787821105484,
      0.558433091579542,
      0.7849468463379132,
      0.8685074890400425,
      0.7613995000565965,
      0.7955000947244739,
      0.7277184595434414,
      0.7755951363186124,
      1.0000000000000002,
      0.7683325892701061,
      0.7600211965416257,
      0.765921143658923,
      0.7613225847883518,
      0.7183198657417553,
      0.8094957808959662,
      0.8261391888563394,
      0.8666715619799271,
      0.7849468463379132,
      0.7399669256933774,
      0.8119368093085204,
      0.7700992379785583,
      0.8182321572605442,
      0.7700992379785583,
      0.7216144917283054,
      0.8119368093085204,
      0.7493947564513277,
      0.7308247749637986,
      0.7683965547483114,
      0.8441519176740837,
      0.7399669256933774,
      0.784779635536766,
      0.764727434288915,
      0.7448541512817595,
      0.7613995000565965,
      0.804771322342414,
      0.8785343546291405,
      0.8785343546291405,
      0.8119368093085204,
      0.7670553873577977,
      0.7277184595434414,
      0.7613995000565965,
      0.7216076004990528,
      0.7602713110209349,
      0.7677695544901464,
      0.8965618281054322,
      0.7823282173126866,
      0.8919578497139117,
      0.7360543808077842,
      0.8416493165004794,
      0.7700992379785583,
      0.7973935062866031,
      0.7700992379785583,
      0.7573629027862125,
      0.7593107097625404,
      0.7670553873577977,
      0.796963942535071,
      0.7600211965416257,
      0.7305750352787528,
      0.7059756072541901,
      0.7849468463379132,
      0.7670553873577977,
      0.7168201343635066,
      0.7575526093935618,
      0.7476948596059945,
      0.5369806074462985,
      0.7732756869955617,
      0.859565350215169,
      0.7613995000565965,
      0.796963942535071,
      0.8375010385402071,
      0.8036739315488011,
      0.9,
      0.7600211965416257,
      0.7365685650696283,
      0.7553240332723699,
      0.7523123872606732,
      0.8785343546291405,
      0.4733805154906224,
      0.8886047867161929,
      0.7746984489725246,
      0.8261391888563394,
      0.8468534624094394,
      0.7704116902815077,
      0.7272388444609597,
      0.7532449273787241,
      0.75589110350997,
      0.7360543808077842,
      0.8004644604371447,
      0.7094901068203447,
      0.7316814092122894,
      0.8005686770389904,
      0.7849468463379132,
      0.7308247749637986,
      0.7777690906003807,
      0.7593107097625404,
      0.7272388444609597,
      0.8004644604371447,
      0.7613995000565965
    ],
    [
      0.8197545033828453,
      0.7452880057484752,
      0.737510309182277,
      0.5520223605786369,
      0.7709329759520516,
      0.8927604342265684,
      0.773847557650091,
      0.7527303566760257,
      0.7719109163791875,
      0.7452880057484752,
      0.7683325892701061,
      0.9999999999999998,
      0.8337454191589355,
      0.8202225937489245,
      0.7442689197116772,
      0.7061352675416304,
      0.736961041855559,
      0.7866152012780483,
      0.705211384014303,
      0.7709329759520516,
      0.7530786616178085,
      0.8063193977070588,
      0.7943715997556628,
      0.7756976865212297,
      0.7943715997556628,
      0.7971372949999482,
      0.8063193977070588,
      0.7213640377741997,
      0.8292508797736351,
      0.7327812971545904,
      0.8915304289477128,
      0.7530786616178085,
      0.7793639567889936,
      0.7489806000456445,
      0.7819932642373195,
      0.773847557650091,
      0.7492176133553117,
      0.8968478160916997,
      0.8968478160916997,
      0.8063193977070588,
      0.7955416449984507,
      0.7719109163791875,
      0.773847557650091,
      0.7710335836912465,
      0.7701195953677917,
      0.7709840047047025,
      0.7854837501344574,
      0.7697169796033685,
      0.7001099055653948,
      0.7579954065187944,
      0.8733515891848215,
      0.7943715997556628,
      0.7706795155683808,
      0.7943715997556628,
      0.7999398279275802,
      0.8197545033828453,
      0.7955416449984507,
      0.7440637071520888,
      0.8337454191589355,
      0.7281141142682703,
      0.757447275990796,
      0.7709329759520516,
      0.7955416449984507,
      0.8219298296014519,
      0.7836066402593271,
      0.844985734147591,
      0.5296418403500674,
      0.7538636604265685,
      0.7042718721100769,
      0.773847557650091,
      0.7440637071520888,
      0.7827520097874072,
      0.7853413227618193,
      0.7683325892701061,
      0.8337454191589355,
      0.7730418653715099,
      0.7196289558182754,
      0.7947940810945964,
      0.8968478160916997,
      0.4722566852658686,
      0.899506779196009,
      0.7648584849136162,
      0.7866152012780483,
      0.8991741149899029,
      0.7353174443692858,
      0.7913370785881917,
      0.7122143651040438,
      0.7789325124877342,
      0.7579954065187944,
      0.8088801349441002,
      0.7634523175737216,
      0.8021012519753841,
      0.7596155855177766,
      0.7709329759520516,
      0.8292508797736351,
      0.7392715039622506,
      0.8197545033828453,
      0.7913370785881917,
      0.8088801349441002,
      0.773847557650091
    ],
    [
      0.7638640652571409,
      0.7120364640158456,
      0.7016334657908594,
      0.542627821485584,
      0.7875519041555021,
      0.878178336036378,
      0.7908975081356404,
      0.7165162645456178,
      0.7361245324041374,
      0.7120364640158456,
      0.7600211965416257,
      0.8337454191589355,
      1.0,
      0.7881989228640385,
      0.8961903140581433,
      0.8740975275697513,
      0.8987948027207475,
      0.8036040111473681,
      0.8895584366320036,
      0.7875519041555021,
      0.8990889115238543,
      0.767846344376877,
      0.8229981383693867,
      0.7372790818917403,
      0.8229981383693867,
      0.7419591366299214,
      0.767846344376877,
      0.8852700983130217,
      0.7989758165407841,
      0.8909191296942848,
      0.8821930695234848,
      0.8990889115238543,
      0.7416498449610556,
      0.8980553423709077,
      0.793420841064366,
      0.7908975081356404,
      0.7120814162714062,
      0.7193338028774314,
      0.7193338028774314,
      0.767846344376877,
      0.7642754900451085,
      0.7361245324041374,
      0.7908975081356404,
      0.7384704476604533,
      0.7194951000924124,
      0.7211235757195658,
      0.7349444695592353,
      0.7176793291161228,
      0.7149129248608352,
      0.7220296413067007,
      0.8874971560019478,
      0.8229981383693867,
      0.7385211510798784,
      0.8229981383693867,
      0.7448009308616867,
      0.7638640652571409,
      0.7642754900451085,
      0.760108548823869,
      0.9,
      0.8844842763451813,
      0.7017613981367918,
      0.7875519041555021,
      0.7642754900451085,
      0.7680118281022821,
      0.7338084033410543,
      0.7795576916847959,
      0.5237992442922528,
      0.7005383782295325,
      0.8783310760620351,
      0.7908975081356404,
      0.760108548823869,
      0.7838109245460889,
      0.7472967352836799,
      0.7600211965416257,
      0.9,
      0.7426948075426594,
      0.8822373251718076,
      0.739642927774609,
      0.7193338028774314,
      0.4649721263069286,
      0.8727575678708435,
      0.7122942891864625,
      0.8036040111473681,
      0.8787869991334494,
      0.8923716185740844,
      0.7588072291656898,
      0.8784762485191379,
      0.7228762279940497,
      0.7220296413067007,
      0.7704231423707399,
      0.7119181490707795,
      0.7474660293432818,
      0.7224584838528743,
      0.7875519041555021,
      0.7989758165407841,
      0.7032512554277006,
      0.7638640652571409,
      0.7588072291656898,
      0.7704231423707399,
      0.7908975081356404
    ],
    [
      0.7847686906834412,
      0.7095783626864796,
      0.7144362302406218,
      0.5525717768885381,
      0.7351797224667997,
      0.8773886230641833,
      0.723368254372533,
      0.7360546096928502,
      0.7095600275285188,
      0.7095783626864796,
      0.765921143658923,
      0.8202225937489245,
      0.7881989228640385,
      1.0000000000000002,
      0.7238595035778135,
      0.7025622057922143,
      0.7393135141222029,
      0.7502251483932434,
      0.8734692502123997,
      0.7351797224667997,
      0.7244641388089279,
      0.7645465148621744,
      0.7503913002139304,
      0.7821782588089345,
      0.7503913002139304,
      0.7656558100567366,
      0.7645465148621744,
      0.7100088818988186,
      0.7775119572916225,
      0.7343248231862469,
      0.8522142962406288,
      0.7244641388089279,
      0.7414130845437645,
      0.7295541231400564,
      0.8261945632242946,
      0.723368254372533,
      0.7358317232523417,
      0.8695974093217214,
      0.8695974093217214,
      0.7645465148621744,
      0.7462939888545763,
      0.7095600275285188,
      0.723368254372533,
      0.7451871818089453,
      0.7590635776200987,
      0.7754402657155872,
      0.7421044374374837,
      0.7729804496997672,
      0.8878095701207732,
      0.7152627837008807,
      0.8370701227621263,
      0.7503913002139304,
      0.7309034056670474,
      0.7503913002139304,
      0.7671154362366956,
      0.7847686906834412,
      0.7462939888545763,
      0.7122773368019726,
      0.7881989228640385,
      0.7154062360906894,
      0.7076013507791221,
      0.7351797224667997,
      0.7462939888545763,
      0.7837850105169419,
      0.7701931209869588,
      0.7975495444225227,
      0.5289988886900959,
      0.7531953601874279,
      0.8774264271646364,
      0.723368254372533,
      0.7122773368019726,
      0.7908501730648436,
      0.7539482647757221,
      0.765921143658923,
      0.7881989228640385,
      0.7833599008067689,
      0.7355061239467027,
      0.7630741984033091,
      0.8695974093217214,
      0.47357435322200314,
      0.8935297024764227,
      0.7383085245111229,
      0.7502251483932434,
      0.8639926568503318,
      0.7347500411896624,
      0.7411315992224454,
      0.7103500008010037,
      0.7476874276689363,
      0.7152627837008807,
      0.76864208558445,
      0.7569339579195367,
      0.7571008378528243,
      0.7798201658092347,
      0.7351797224667997,
      0.7775119572916225,
      0.7267851804018726,
      0.7847686906834412,
      0.7411315992224454,
      0.76864208558445,
      0.723368254372533
    ],
    [
      0.8110078141886798,
      0.8118790147540498,
      0.8104335289837696,
      0.5679229394783911,
      0.7074363022724246,
      0.8852880107547985,
      0.8920154488801232,
      0.8304206458504257,
      0.7522008222382093,
      0.8118790147540498,
      0.7613225847883518,
      0.7442689197116772,
      0.8961903140581433,
      0.7238595035778135,
      1.0000000000000004,
      0.7964272128177172,
      0.8206736694102299,
      0.7327333892072929,
      0.8853987670599759,
      0.7074363022724246,
      0.84373534150807,
      0.8187113701637947,
      0.7018765122574513,
      0.8210870180233822,
      0.7018765122574513,
      0.7734035817813683,
      0.8187113701637947,
      0.8481469918004656,
      0.729283397574894,
      0.8523159825130848,
      0.8601545346000623,
      0.84373534150807,
      0.8292780485047726,
      0.882652959829,
      0.8875892848279301,
      0.8920154488801232,
      0.8336017225782433,
      0.850632904388297,
      0.850632904388297,
      0.8187113701637947,
      0.7889080459499986,
      0.7522008222382093,
      0.8920154488801232,
      0.7454910099378591,
      0.8231594262005091,
      0.8120326403559162,
      0.7474205085417733,
      0.8366257266776194,
      0.8634183044506993,
      0.7708390359192829,
      0.8162074469832732,
      0.7018765122574513,
      0.8184801443716756,
      0.7018765122574513,
      0.829836418373552,
      0.8110078141886798,
      0.7889080459499986,
      0.7137473716759208,
      0.8961903140581433,
      0.7971871440786136,
      0.7809003594612829,
      0.7074363022724246,
      0.7889080459499986,
      0.7363128961620691,
      0.8130875959755142,
      0.7823478105773445,
      0.5401973275389907,
      0.850088758464969,
      0.8984994610727546,
      0.8920154488801232,
      0.7137473716759208,
      0.7493578569300943,
      0.8363232213210248,
      0.7613225847883518,
      0.8961903140581433,
      0.734615096987977,
      0.8223630698829107,
      0.8312989011186074,
      0.850632904388297,
      0.48318409711440385,
      0.757969952743095,
      0.8648526876281131,
      0.7327333892072929,
      0.8806540447259344,
      0.851500892608307,
      0.7550114697730006,
      0.845939368889161,
      0.8389318626428421,
      0.7708390359192829,
      0.8164799131963396,
      0.7599485995646089,
      0.7965174655643583,
      0.8064881065260399,
      0.7074363022724246,
      0.729283397574894,
      0.8130344097650086,
      0.8110078141886798,
      0.7550114697730006,
      0.8164799131963396,
      0.8920154488801232
    ],
    [
      0.7538349431748204,
      0.7605381747417401,
      0.7703334324262519,
      0.5516306748835672,
      0.8926738885073137,
      0.7146213790685807,
      0.8818038714904497,
      0.7591433149954903,
      0.7581802150586214,
      0.7605381747417401,
      0.7183198657417553,
      0.7061352675416304,
      0.8740975275697513,
      0.7025622057922143,
      0.7964272128177172,
      0.9999999999999993,
      0.756591001893727,
      0.8901447262545104,
      0.8955100810233199,
      0.8926738885073137,
      0.8260998760250102,
      0.7620268613720131,
      0.8780979481896671,
      0.7690968548145858,
      0.8780979481896671,
      0.7645522948691605,
      0.7620268613720131,
      0.7720219776438484,
      0.7123634881871668,
      0.7834003446640803,
      0.8615670488803715,
      0.8260998760250102,
      0.7910917144622802,
      0.793818689934001,
      0.870199691358502,
      0.8818038714904497,
      0.7588257195071586,
      0.8450871058471386,
      0.8450871058471386,
      0.7620268613720131,
      0.7394621666099241,
      0.7581802150586214,
      0.8818038714904497,
      0.7429417438456785,
      0.7534454516878379,
      0.754493131866091,
      0.741351510657982,
      0.7759617400941305,
      0.8680315590040477,
