{
  "feature": "recent_conversation_history",
  "matrix": [
    [
      1.0000000000000004,
      0.7025144475307334,
      0.6279053280369287,
      0.8732528035461001,
      0.5531136343608953,
      0.5432377658345225,
      0.8924844780052654,
      0.4630236861152143,
      0.7562857081088284,
      0.8385948637038148,
      0.8299061049080445,
      0.8447833389291426,
      0.6453741204550996,
      0.7025939929356324,
      0.6553412856411143,
      0.8914305602443754,
      0.7537310154392812,
      0.7033403292599139,
      0.7379281556334876,
      0.6374500966318956,
      0.6253361258744117,
      0.8638886740522196,
      0.7443694735890743,
      0.6174668620923525,
      0.8944253836459832,
      0.8165762235744045,
      0.8819134634717775,
      0.8526723819329747,
      0.714476904961145,
      0.5901949730817785,
      0.8738722372424248,
      0.7623453720214031,
      0.7051804676660464,
      0.5649319212849309,
      0.8301044627297309,
      0.7588846196648977,
      0.6576323096899072,
      0.4231026418242584,
      0.7011618528492072,
      0.8464980758572146,
      0.4730848500175489,
      0.8301950710458968,
      0.6457821957392769,
      0.8485081580210881,
      0.8474925764917733,
      0.8950893816334743,
      0.8222844340624792,
      0.6088647450427699,
      0.8921434443953402,
      0.8031166545516097,
      0.7185133880436165,
      0.7557485704160086,
      0.8577714843802337,
      0.6735893917895578,
      0.7707625280700103,
      0.8592249581159923,
      0.6724662042049003,
      0.8945042875136837,
      0.8336663459475149,
      0.5300460422365167,
      0.6234770196154406,
      0.6257791244031244,
      0.5844410063511388,
      0.7168938690145426,
      0.8440521775923099,
      0.4729828754838662,
      0.6781420368436876,
      0.7899389644725335,
      0.46618053800646925,
      0.622628657289971,
      0.8321094551288912,
      0.7475835084279897,
      0.7504194121169914,
      0.7780594208448417,
      0.6177807751049398,
      0.6597208907038205,
      0.7887074336129313,
      0.7850258407367721,
      0.7453995555562604,
      0.839413499120996,
      0.8417550209010918,
      0.5034391876799095,
      0.7490915777165001,
      0.8118570690826252,
      0.875849690753473,
      0.574180155493157,
      0.5128402769622944,
      0.7555308140647912,
      0.5626170445920481,
      0.560423679800295,
      0.6433804975656996,
      0.5493884391942485,
      0.7694782056851148,
      0.7638812586588899,
      0.7494786796760707,
      0.6576050675283043,
      0.6931041564749078,
      0.8613183472629548,
      0.693420983974786,
      0.6279849608140303
    ],
    [
      0.7025144475307334,
      0.9999999999999993,
      0.5206383215084878,
      0.7200905502612629,
      0.6082546842983697,
      0.4537545979945538,
      0.7136966601671455,
      0.38400477101094704,
      0.6998479346619193,
      0.716849446344054,
      0.7216950238481019,
      0.7244538896216459,
      0.5793135177383815,
      0.6342399878047082,
      0.5743276740638875,
      0.7131296672459657,
      0.6603759484466515,
      0.7237372308756915,
      0.7172255778470876,
      0.5684528346554014,
      0.5403397716398366,
      0.7321011848590514,
      0.5992458271051864,
      0.5031393844553187,
      0.7326935618620997,
      0.7734197732330481,
      0.7249741091216343,
      0.7659003205568452,
      0.7126553201596073,
      0.5474643020378676,
      0.7177318825785901,
      0.6219681029655729,
      0.6009663952400248,
      0.4907183535986511,
      0.7760278256380874,
      0.7179876157646106,
      0.5826000307135218,
      0.3858889503312187,
      0.7309987387305,
      0.7286104003653879,
      0.4199165493613456,
      0.7637130059442052,
      0.5621582040222574,
      0.7162774453457011,
      0.7081573080477203,
      0.7312750029236713,
      0.7157311582197284,
      0.5593813732002034,
      0.7099141475446307,
      0.7150953316415479,
      0.6600865911729831,
      0.6486228696660168,
      0.7334971413579104,
      0.5972061155892493,
      0.717843066096987,
      0.7234439710840613,
      0.6289922260009303,
      0.7285856547942268,
      0.7212452934644578,
      0.45723672704594504,
      0.5914152562649717,
      0.5408952847281024,
      0.523742807484537,
      0.6139422063138642,
      0.7341739487338139,
      0.41758287373345787,
      0.6127922076842716,
      0.6695704346618401,
      0.4015492643868114,
      0.5526368229058538,
      0.7089861809690728,
      0.6980328505248728,
      0.7265413249897433,
      0.7178188552941756,
      0.5715174310336444,
      0.6127550201403777,
      0.6623184230045525,
      0.7120298204954192,
      0.6833537214252265,
      0.7284042255961088,
      0.7302553501339732,
      0.44360073728393307,
      0.6602264258631867,
      0.7145770915726792,
      0.7259775786031454,
      0.5185696275462721,
      0.46204866750818524,
      0.7632316878497414,
      0.5453247795591503,
      0.4959085083051402,
      0.5923793876373732,
      0.4646171162708432,
      0.7029411592555177,
      0.6354280369188228,
      0.6690089938640608,
      0.6071728021941494,
      0.6430072216982226,
      0.7272528697435996,
      0.6728665493376537,
      0.5832523907743189
    ],
    [
      0.6279053280369287,
      0.5206383215084878,
      1.0,
      0.5863032786392176,
      0.44425282550878503,
      0.5308754807716511,
      0.6096752310929646,
      0.4697201283561733,
      0.605504952530084,
      0.5899809744404885,
      0.5787439851620948,
      0.5921660633395052,
      0.6004258462672412,
      0.5450134439030638,
      0.5015523321244771,
      0.6148954944015402,
      0.5259911812411603,
      0.597266766354267,
      0.6220494770806434,
      0.5586889879608119,
      0.6151794008790278,
      0.5994809914837664,
      0.5337076805542685,
      0.5600599977603479,
      0.6100203468027539,
      0.5715849536122891,
      0.5944299728620175,
      0.5839755480081789,
      0.6080087269823042,
      0.5609600357887375,
      0.6103104583723089,
      0.584983689258062,
      0.6086636860371952,
      0.5552957008421028,
      0.5899089581740778,
      0.6216336300768011,
      0.5636496859191068,
      0.4654151727870826,
      0.6094416695169695,
      0.5829518042898247,
      0.5211445807326026,
      0.5943927239941195,
      0.5651214924882462,
      0.6010228367430634,
      0.6223900808662112,
      0.6033714154201303,
      0.5709091340952208,
      0.595030681997993,
      0.6072559632076407,
      0.5729523007191205,
      0.5998069276789932,
      0.615354666446598,
      0.5922121361055622,
      0.5334781267233834,
      0.6271177664368947,
      0.603249253148101,
      0.5493049339119959,
      0.5969129245518223,
      0.5887610393932529,
      0.5391410537362581,
      0.5480673590868298,
      0.5599130151586816,
      0.4962195215910015,
      0.5201404761341925,
      0.5877037771737421,
      0.7400337080892614,
      0.5324213768379272,
      0.6305348905778991,
      0.48054287355289504,
      0.6011005036453481,
      0.60947724745768,
      0.6024829163412565,
      0.5343739571228561,
      0.6288869152395378,
      0.5054598085279881,
      0.5704695730666746,
      0.6289437066616173,
      0.6138208824640253,
      0.6120327570276839,
      0.5899245362176088,
      0.5901979813457878,
      0.5162996825226216,
      0.6166324168768231,
      0.6211170729722674,
      0.5939148423977333,
      0.5769125062924748,
      0.5425423079342547,
      0.5644770392503591,
      0.472531437753846,
      0.6608280761448219,
      0.5751750925098905,
      0.47522986080428864,
      0.603563557237567,
      0.6214570212970417,
      0.5417157605904785,
      0.5715688284200764,
      0.5786586324950057,
      0.6094149007415312,
      0.5124363252903121,
      0.5427831129867261
    ],
    [
      0.8732528035461001,
      0.7200905502612629,
      0.5863032786392176,
      1.0000000000000004,
      0.526052477500399,
      0.5041961608727883,
      0.8051393372770101,
      0.433034894630299,
      0.7159688082210768,
      0.7836289590591001,
      0.7658050883334864,
      0.7840617113571436,
      0.6116388997906221,
      0.6589928220964287,
      0.6060574352976051,
      0.8029391290598117,
      0.6905974235542115,
      0.8461792672529689,
      0.8273885825598746,
      0.6151414701420017,
      0.5703942600410624,
      0.8132894673967308,
      0.6849780815938145,
      0.577410843461959,
      0.8369449314006789,
      0.839490343629979,
      0.8227700588226405,
      0.8796488954527407,
      0.8186463616621429,
      0.562972050366726,
      0.8178605079273591,
      0.7151620980545604,
      0.6505116636833032,
      0.5228607356384073,
      0.8553140938942589,
      0.8372818495929121,
      0.6300557839505009,
      0.4067081867745736,
      0.8411938449795073,
      0.7887051382084647,
      0.4389513589989506,
      0.8490774890046151,
      0.5916142168124644,
      0.7889966130623586,
      0.8707932173866066,
      0.8339472483688569,
      0.7639991553603814,
      0.6048183714499463,
      0.8043959389505797,
      0.7475556504538933,
      0.6766872792713434,
      0.7111137217798087,
      0.8059429446180822,
      0.6299067210806611,
      0.8405944256140822,
      0.8016955765487409,
      0.6285431659917946,
      0.8364714350064355,
      0.7696863258772126,
      0.4954918373968989,
      0.5971487489949636,
      0.5804005033140742,
      0.5445103096672536,
      0.6775995210079986,
      0.7852923152093089,
      0.44570283466399946,
      0.6481352038571229,
      0.73414612163838,
      0.43918284992156864,
      0.5788497677042376,
      0.8006220199616922,
      0.7069638712491996,
      0.7040085202798302,
      0.8438327463940043,
      0.5910746748927436,
      0.6269580338180544,
      0.7360228380976763,
      0.8455576503076299,
      0.7065943730052691,
      0.7899438113363131,
      0.786655682600803,
      0.47344856295021776,
      0.7148630102604607,
      0.8598971741783721,
      0.818808968114571,
      0.5330587862207475,
      0.48053890246400766,
      0.7193930912960339,
      0.5325950728082072,
      0.5186280229924205,
      0.6414407278944942,
      0.5386126316904283,
      0.8415229366027838,
      0.7199823325034983,
      0.687815795715726,
      0.626957132383088,
      0.651435388560977,
      0.8018743456991966,
      0.6455201494930024,
      0.6034482262277285
    ],
    [
      0.5531136343608953,
      0.6082546842983697,
      0.44425282550878503,
      0.526052477500399,
      1.0000000000000004,
      0.38170836393067525,
      0.5654551475637642,
      0.34722218219726825,
      0.5378272164126673,
      0.5612770161244792,
      0.5623207148862515,
      0.5648094837189048,
      0.4618403019230537,
      0.5043164025870345,
      0.4949151823388975,
      0.5648028861244019,
      0.542311472004666,
      0.5518434953554973,
      0.5669094733586181,
      0.45181126604790256,
      0.42541917627987075,
      0.5600813325241598,
      0.4917755405225035,
      0.4248101668567295,
      0.5617948305812962,
      0.5531735053344745,
      0.5590854204428425,
      0.5576289381260527,
      0.5630693862639308,
      0.45428500876011996,
      0.559586356005606,
      0.5090030011924007,
      0.5294748503915109,
      0.40774105589866455,
      0.5615321552784863,
      0.5637661479359954,
      0.46403364840191647,
      0.313600310402936,
      0.5613167712153422,
      0.5632124712086759,
      0.33701147114983443,
      0.5624594226673898,
      0.48123732235944716,
      0.5628254648291398,
      0.5560161057073827,
      0.5622945372135433,
      0.5626042273026067,
      0.4633799254633857,
      0.5650368746605785,
      0.5626286505557747,
      0.5059410474585782,
      0.5096907966667911,
      0.5583129913244215,
      0.5083159773347967,
      0.5638882926044249,
      0.5631343201870194,
      0.5032309576054608,
      0.5541151176807972,
      0.5645656847441852,
      0.3680942252730557,
      0.45566319313545967,
      0.4439391004896914,
      0.45501560717012907,
      0.45284288361614344,
      0.5643542672353243,
      0.3513870260068513,
      0.5054063307750747,
      0.522040626393377,
      0.35564897931738004,
      0.47497685210482216,
      0.5486936521218263,
      0.5378528994944877,
      0.5733027637266437,
      0.5618465517425204,
      0.48123072887318863,
      0.47442723803934184,
      0.5192561846795457,
      0.5629825994262421,
      0.5295414820472463,
      0.5578842740936854,
      0.5623043621906257,
      0.3967505257273467,
      0.5035861333725079,
      0.5602621249074808,
      0.5595291811773927,
      0.44777303970313764,
      0.3928590682432728,
      0.5834126195169457,
      0.4649746029091582,
      0.4032868325661025,
      0.5045953564550325,
      0.46756519173408634,
      0.5597876376615544,
      0.4941204430685864,
      0.5446272289436327,
      0.4682682081908806,
      0.5300015353199008,
      0.5658367914652698,
      0.5279092105316192,
      0.45307447224590003
    ],
    [
      0.5432377658345225,
      0.4537545979945538,
      0.5308754807716511,
      0.5041961608727883,
      0.38170836393067525,
      0.9999999999999991,
      0.5336074818089831,
      0.8713192235988917,
      0.572152059060807,
      0.5039695960527526,
      0.5122823116473362,
      0.5034848851841717,
      0.7573207612135894,
      0.4883773699490812,
      0.48531208782229446,
      0.5373839852619086,
      0.46593145609430864,
      0.5081220011382694,
      0.5402082674161254,
      0.5628600578341816,
      0.5081467823015668,
      0.5023592891546924,
      0.4679713607888386,
      0.6998482781732474,
      0.5120288287914183,
      0.4869753174600775,
      0.509339032120004,
      0.5071728224063194,
      0.5367218039200357,
      0.5755278433362532,
      0.5181754079503094,
      0.5355778822232136,
      0.5761806025996318,
      0.48494932843963057,
      0.5010897831468197,
      0.538541575926557,
      0.4617462660691252,
      0.6859390159922457,
      0.5132393984248791,
      0.5022005276944151,
      0.5833508251551459,
      0.4978628068204817,
      0.6594201645342228,
      0.5104465433030615,
      0.542796394439997,
      0.5136959219570311,
      0.49827944123061474,
      0.7268391899037567,
      0.5359329827222515,
      0.4893072995451737,
      0.5572975654499821,
      0.589026122916792,
      0.5062223621925513,
      0.5224844396830503,
      0.5393000168874342,
      0.5090953268230854,
      0.5153225608945513,
      0.5200962440459812,
      0.5041411804690251,
      0.83298971787597,
      0.527756487311608,
      0.7595191631273526,
      0.4871343309278655,
      0.46851573841473193,
      0.5065276672318424,
      0.45381336375115017,
      0.5092637530038713,
      0.5894895203639208,
      0.7178815739312091,
      0.6446505195651279,
      0.5009793413149366,
      0.5704772029281476,
      0.46656659723751587,
      0.543892254876897,
      0.4908923862254994,
      0.5437523907834614,
      0.590074423041758,
      0.539164006991499,
      0.5696446314913507,
      0.5011669394828628,
      0.5046381575481991,
      0.7741392394706889,
      0.5735892292716437,
      0.5414312268885688,
      0.5035452887559981,
      0.7877985654852913,
      0.5520803788021496,
      0.49023509705909774,
      0.4726838162753972,
      0.48081009329597,
      0.5635643768597308,
      0.4259526475469808,
      0.5365886626719507,
      0.5870897764981085,
      0.4912803186743535,
      0.543040490091173,
      0.493740813348169,
      0.5134551934823197,
      0.4751306849306675,
      0.5300852708330107
    ],
    [
      0.8924844780052654,
      0.7136966601671455,
      0.6096752310929646,
      0.8051393372770101,
      0.5654551475637642,
      0.5336074818089831,
      0.9999999999999998,
      0.44300634790461174,
      0.7860018665856726,
      0.7355426763450881,
      0.7376549878644965,
      0.7419280825862902,
      0.6474835980449377,
      0.7005444502569672,
      0.6415290027408406,
      0.8665358335394298,
      0.7658895005640781,
      0.892371535995389,
      0.8477149818635104,
      0.6224689796749687,
      0.6236597329739062,
      0.890641085467065,
      0.7297129024434643,
      0.5950848766606217,
      0.707467396476098,
      0.8612245081825416,
      0.7178070764305136,
      0.8751299318667908,
      0.8549375970620101,
      0.5854546617707242,
      0.7245297559843755,
      0.7351918158268291,
      0.7218816373448407,
      0.5517911190039478,
      0.8611512195117472,
      0.832557700143663,
      0.65074198639264,
      0.4084833572899867,
      0.8985830451545006,
      0.8963068398387263,
      0.45283727551978564,
      0.8750635248390372,
      0.641121539542999,
      0.7510522901600338,
      0.712248094294943,
      0.7346077373967765,
      0.7212677734257376,
      0.598115154122622,
      0.8639835521401942,
      0.7082346715583521,
      0.7546157708728815,
      0.7434303515067083,
      0.8874963053415319,
      0.6898470761852322,
      0.8196760127382843,
      0.7489514721458357,
      0.6697458920281321,
      0.8790700339601955,
      0.7476089905563752,
      0.5128819519854675,
      0.6422939492272799,
      0.6209982274954424,
      0.5946858058746339,
      0.7049665499254417,
      0.7060403797051849,
      0.4623533598340666,
      0.6652745589666372,
      0.7873278992594845,
      0.4516975553400456,
      0.6320378034788837,
      0.8441574706420363,
      0.789430489750721,
      0.7684886350973803,
      0.8069547947608307,
      0.6222412995396244,
      0.6862887972932237,
      0.7734131618340454,
      0.7945743308457791,
      0.7655274739141509,
      0.8926670698451699,
      0.7117857258317342,
      0.5022313079212268,
      0.7379955205343401,
      0.7645409735398947,
      0.7189533823308898,
      0.5851666261098387,
      0.5174068537646821,
      0.791759357487691,
      0.5777954915026927,
      0.5637209255236569,
      0.6439851788086742,
      0.5253030604137948,
      0.750781171775958,
      0.7294411236780473,
      0.7559799889622014,
      0.6628881641827075,
      0.7255606619206523,
      0.7477725805274411,
      0.7182771034651109,
      0.6344417208234261
    ],
    [
      0.4630236861152143,
      0.38400477101094704,
      0.4697201283561733,
      0.433034894630299,
      0.34722218219726825,
      0.8713192235988917,
      0.44300634790461174,
      1.0000000000000007,
      0.5025287292899152,
      0.4192520148925201,
      0.4319599578637377,
      0.4182278210057259,
      0.6890177234452677,
      0.40997067716957,
      0.42157214651936165,
      0.44454489598200586,
      0.39537854069006695,
      0.4283060488272256,
      0.4495224608028956,
      0.5064528892249407,
      0.46953611514732874,
      0.42411160821012295,
      0.3973409319785242,
      0.663579342900282,
      0.43064171053532085,
      0.40394551081060154,
      0.4276127541152113,
      0.42357942906053014,
      0.4489701146269104,
      0.5325514299424517,
      0.4342783513956816,
      0.45424760769678196,
      0.5915362331609391,
      0.433578859768032,
      0.4154689457494073,
      0.4498649674362221,
      0.3936346423687488,
      0.6731384825820504,
      0.4323221212224075,
      0.42864150567672926,
      0.5595085977426231,
      0.4135610105569307,
      0.5963063185715243,
      0.4237860906132343,
      0.46311768881455073,
      0.4298202235116054,
      0.41360003877762447,
      0.7448203488902218,
      0.4444718289546957,
      0.40652431535045125,
      0.4755882764224678,
      0.5100754327022277,
      0.433722961696079,
      0.4510439472324458,
      0.45029191550417924,
      0.42373686260723153,
      0.4501871256355161,
      0.4503933921529217,
      0.4165476287295553,
      0.7962353033591024,
      0.47351876396687964,
      0.7276406560883032,
      0.4236467604940192,
      0.38879679006282264,
      0.4309309454119397,
      0.4236927597794822,
      0.45122365438191875,
      0.5009463497116616,
      0.7296790803512593,
      0.5743077283299068,
      0.41641062029695947,
      0.4964745195288874,
      0.4035369612900326,
      0.45458934875108004,
      0.43010517557145084,
      0.4766021007879244,
      0.5059105153916577,
      0.4546513766637522,
      0.49011817898509547,
      0.4248970481883353,
      0.42628688021666167,
      0.7780798583430336,
      0.4972233826842259,
      0.4586122305985768,
      0.42216822108816476,
      0.811159094116825,
      0.5039783371709458,
      0.40906760872729725,
      0.4115373111337917,
      0.4339847090597766,
      0.6071145448838864,
      0.39517773077380486,
      0.45487376946557834,
      0.5096622555119729,
      0.42022733945993285,
      0.4857832368280615,
      0.408062024882012,
      0.4253380509900812,
      0.4145635691918934,
      0.48268036282192117
    ],
    [
      0.7562857081088284,
      0.6998479346619193,
      0.605504952530084,
      0.7159688082210768,
      0.5378272164126673,
      0.572152059060807,
      0.7860018665856726,
      0.5025287292899152,
      0.9999999999999996,
      0.7937196660538942,
      0.8185190140955492,
      0.8043294272755132,
      0.6833164093825159,
      0.6397796430227377,
      0.6424953714920701,
      0.787650619347578,
      0.6631554186016815,
      0.7903141185207344,
      0.7896861981939383,
      0.8157145401558269,
      0.6564707478895488,
      0.8162740938122816,
      0.6394603706811459,
      0.5959976495112469,
      0.8020272149790868,
      0.7708212163949452,
      0.7980044313930483,
      0.7671159768871637,
      0.7821008530142912,
      0.7288709524106041,
      0.7965848744355107,
      0.6755779981760592,
      0.6661910398820765,
      0.5716768229862378,
      0.784205589404551,
      0.7853760112806797,
      0.6385096147990441,
      0.5452698358195642,
      0.79640943034064,
      0.8144270872979825,
      0.5977494820158041,
      0.7874894116325979,
      0.666434780952988,
      0.8006880690665007,
      0.7644567441137479,
      0.8008402273143256,
      0.7875318796640678,
      0.6437418245566524,
      0.7820760070944914,
      0.8026905920255462,
      0.727651661826139,
      0.8694840633289569,
      0.8196259090134848,
      0.6903208087721429,
      0.7849474773723296,
      0.8024779364519843,
      0.7695414177839641,
      0.8101923982702077,
      0.8008416386929584,
      0.6306114981097445,
      0.855500997541673,
      0.6698777491565484,
      0.6210923417346615,
      0.6425217246493967,
      0.8231498615184432,
      0.5450941897636083,
      0.7102609012045403,
      0.8876297355640675,
      0.5365685402108278,
      0.6904839269163534,
      0.7666621353577103,
      0.8365147971961981,
      0.7313151458344895,
      0.7866786844289773,
      0.6716406223252338,
      0.8658777656376299,
      0.8776378152039612,
      0.7753671075659614,
      0.764737935881175,
      0.8189702704242063,
      0.8235303300285025,
      0.548781862859342,
      0.8975845746201214,
      0.7759888263835173,
      0.7962371037677222,
      0.6090603573256308,
      0.5694405285548824,
      0.7373827514337068,
      0.6433632238602813,
      0.5968187981615201,
      0.62617440882378,
      0.5084145466889933,
      0.7612675771877747,
      0.8538986536260872,
      0.7141968866566961,
      0.8743326698587075,
      0.7017788310750994,
      0.8075521153469867,
      0.693737277420971,
      0.8447058042385663
    ],
    [
      0.8385948637038148,
      0.716849446344054,
      0.5899809744404885,
      0.7836289590591001,
      0.5612770161244792,
      0.5039695960527526,
      0.7355426763450881,
      0.4192520148925201,
      0.7937196660538942,
      1.0,
      0.7632747166214526,
      0.791908524992258,
      0.6331313966922274,
      0.6672865249528387,
      0.641404411106914,
      0.7249617392320333,
      0.7421277104567972,
      0.7098200323864718,
      0.7156491111131518,
      0.6160465911408132,
      0.5991496718611524,
      0.7347088054010018,
      0.7026754227890549,
      0.552772077074401,
      0.7317615814394307,
      0.8968492396418961,
      0.7699930358682539,
      0.8676474535565135,
      0.7382031930070827,
      0.5828905733213785,
      0.8212241253305161,
      0.7079167879238777,
      0.6876960650668569,
      0.516532037209373,
      0.872844413162415,
      0.7134762819356726,
      0.6279147318101741,
      0.3926967732865267,
      0.7180717369252545,
      0.7319920007483809,
      0.4440639955336587,
      0.8956368102434581,
      0.6088514251697599,
      0.8544154588812733,
      0.8565887055735114,
      0.7643643136546672,
      0.7963233908817569,
      0.5810509097474628,
      0.7362911485287804,
      0.8021916271069056,
      0.7635745475767863,
      0.7181230195511555,
      0.7118364119132945,
      0.6727976354599294,
      0.8963585224752068,
      0.8432798766406253,
      0.648588209498379,
      0.879407573043261,
      0.7868777019643489,
      0.4901115716398985,
      0.6549654708796397,
      0.5961343941284821,
      0.5859699257448018,
      0.6797917151655292,
      0.7185092532070254,
      0.44627753442299245,
      0.6653010316986314,
      0.757748759172707,
      0.4283904514021259,
      0.6182114321228238,
      0.8754863006690629,
      0.8009009675019518,
      0.7670774684296757,
      0.8948440643862292,
      0.6365056901568947,
      0.700254397799172,
      0.7441026702575106,
      0.8962509469900647,
      0.7756709504602302,
      0.7623979011224,
      0.7718006442217868,
      0.4719853582530715,
      0.73704434377988,
      0.88408038913836,
      0.7624950556510779,
      0.5682174440583518,
      0.498173683739151,
      0.79663788183471,
      0.5787068016208994,
      0.5442898030951784,
      0.6265219617501205,
      0.49606441019707637,
      0.8835142399776948,
      0.6986300713652833,
      0.7505905488165852,
      0.6713791520365647,
      0.7168820631937033,
      0.8164845826078717,
      0.7195007038770889,
      0.6455583500370533
    ],
    [
      0.8299061049080445,
      0.7216950238481019,
      0.5787439851620948,
      0.7658050883334864,
      0.5623207148862515,
      0.5122823116473362,
      0.7376549878644965,
      0.4319599578637377,
      0.8185190140955492,
      0.7632747166214526,
      0.9999999999999996,
      0.7995048632245121,
      0.6382354575067055,
      0.6739566413810147,
      0.6492213699179836,
      0.7305071934004546,
      0.7400871590072582,
      0.8976905310018396,
      0.7128744875524975,
      0.6211486159325926,
      0.6203482948032374,
      0.7359153084655254,
      0.700907900144528,
      0.559231260827297,
      0.7091064463672048,
      0.8711281842897506,
      0.7376751145785434,
      0.8596809493399031,
      0.7218838589669183,
      0.5784849692503882,
      0.713203703278728,
      0.7040979988382354,
      0.6937036183488863,
      0.5257227148217851,
      0.8688340090813361,
      0.8993474581629826,
      0.6209618606879649,
      0.40537453992284966,
      0.8974382454999429,
      0.7864694162455999,
      0.4499558708667353,
      0.8871734347472242,
      0.6088027500049409,
      0.7644195164001668,
      0.8463020673707972,
      0.739971100397979,
      0.7846501645272475,
      0.5862330836912348,
      0.7304275085706189,
      0.8072067319073606,
      0.7681081263571898,
      0.7186947111633178,
      0.7600436825192909,
      0.6858696902971357,
      0.8927893939625505,
      0.7721475939322926,
      0.654688787300341,
      0.7016186849700723,
      0.8023701061146609,
      0.4979059449664539,
      0.6639074421465995,
      0.6083178306262544,
      0.5945640732795269,
      0.6764670267257562,
      0.8082898736225081,
      0.4569214260813613,
      0.6890093762315371,
      0.7594591997640981,
      0.4342356789375967,
      0.6258811295385598,
      0.8358474195068307,
      0.8176522116732927,
      0.7980950117779452,
      0.8876582570952063,
      0.6403523513199193,
      0.6950127287799781,
      0.7424694154539196,
      0.8864353876316551,
      0.7746489120429847,
      0.7813709394339461,
      0.8139342044700717,
      0.4872535635432654,
      0.7337704247841064,
      0.8726193559664503,
      0.7492706023080331,
      0.5726873694841,
      0.5018265237061129,
      0.7911834885969197,
      0.5906269967258574,
      0.5585366498737058,
      0.6289433627466233,
      0.5154049344523245,
      0.8718804430557436,
      0.697028109743685,
      0.7737160840625374,
      0.6783580104581629,
      0.7268317936897276,
      0.7594273772567866,
      0.738706842927495,
      0.6515602119286412
    ],
    [
      0.8447833389291426,
      0.7244538896216459,
      0.5921660633395052,
      0.7840617113571436,
      0.5648094837189048,
      0.5034848851841717,
      0.7419280825862902,
      0.4182278210057259,
      0.8043294272755132,
      0.791908524992258,
      0.7995048632245121,
      0.9999999999999998,
      0.6382776913923852,
      0.6760497727532183,
      0.6472635700680783,
      0.7406052993688874,
      0.746736271929029,
      0.7516666808158761,
      0.732581326643944,
      0.6247899089766408,
      0.6131527961451732,
      0.7549330777739951,
      0.7085754564515281,
      0.5611789121710875,
      0.770802182761942,
      0.8948845250126473,
      0.7908339541554761,
      0.8782828633038785,
      0.7315674606635802,
      0.5837498575686211,
      0.7489635272150106,
      0.7092566609930742,
      0.6945066837761691,
      0.5254245661849971,
      0.8929993439893857,
      0.7217489743604812,
      0.6316355497690331,
      0.39277846184916787,
      0.7547669512939295,
      0.7678105306501672,
      0.44539993197120853,
      0.7203848105337927,
      0.6152154003930825,
      0.7991454100015294,
      0.8599082488010512,
      0.7960132758293961,
      0.8173867114007702,
      0.5885252060453667,
      0.7348851925171291,
      0.7969253994394019,
      0.7743489048677934,
      0.7240535312325825,
      0.7584722194065474,
      0.6779033203947018,
      0.7098258619081879,
      0.8243688118431494,
      0.6581087945129296,
      0.8947665961937403,
      0.8625640650355133,
      0.49282625972942795,
      0.6608439007024566,
      0.6068147534552861,
      0.5869195356796801,
      0.6853033522154653,
      0.7858421773799993,
      0.4618588785484818,
      0.6803245787250611,
      0.7666245881704259,
      0.42598889391764927,
      0.6280824223763137,
      0.8628585860314828,
      0.8070950775676724,
      0.7835536941312484,
      0.7016387142777645,
      0.6372506047749823,
      0.7022630849900471,
      0.7498499612186236,
      0.8965319262980632,
      0.779424581231882,
      0.7813768336962177,
      0.8085109460787008,
      0.476317709441303,
      0.7448490068672741,
      0.8855789088949302,
      0.8182917024183698,
      0.56971633360305,
      0.5056342241790421,
      0.7961641359385505,
      0.58864223422094,
      0.5598313143166127,
      0.6350928118762407,
      0.5099900275153831,
      0.8809808873338839,
      0.7052809847300437,
      0.7681763690395912,
      0.6731854772239336,
      0.7314667409155565,
      0.8098099733348061,
      0.7234417886753425,
      0.6506592697952028
    ],
    [
      0.6453741204550996,
      0.5793135177383815,
      0.6004258462672412,
      0.6116388997906221,
      0.4618403019230537,
      0.7573207612135894,
      0.6474835980449377,
      0.6890177234452677,
      0.6833164093825159,
      0.6331313966922274,
      0.6382354575067055,
      0.6382776913923852,
      1.0000000000000004,
      0.5631282093627008,
      0.5707648401053603,
      0.6523114968830578,
      0.5629086368272386,
      0.6346336630148366,
      0.6544251644167879,
      0.6392003732069552,
      0.578697552143242,
      0.6407991046853679,
      0.5600342751886594,
      0.7589017088773546,
      0.6467562903770827,
      0.6170628461499574,
      0.6381766828112293,
      0.6291159512476554,
      0.6466605320629186,
      0.6324267124221887,
      0.6426303668303713,
      0.5912036048401044,
      0.6505061084882324,
      0.5924032396372496,
      0.6331733206604312,
      0.6528456171705046,
      0.5415300057705086,
      0.6262600534510389,
      0.6445176910951906,
      0.6277963136034446,
      0.6069212457406963,
      0.6374695280653733,
      0.7131145892305826,
      0.6407671187631514,
      0.6469965837830126,
      0.6452522574289645,
      0.6246581452789803,
      0.8405794720767115,
      0.6450861995925666,
      0.6241032347345752,
      0.6689102553446745,
      0.670373972858867,
      0.6347582169139087,
      0.5732858492246599,
      0.6561030273269236,
      0.6419788811228813,
      0.6032402983153231,
      0.639047368671674,
      0.6391821568666298,
      0.7945981954309684,
      0.6221590196661396,
      0.849563773858716,
      0.5290185667440389,
      0.5567310601352466,
      0.6383883261355716,
      0.5028027733503561,
      0.5710021071600039,
      0.6787169605453343,
      0.6262843283857201,
      0.712399529911305,
      0.6294364559081992,
      0.6786641561248121,
      0.5845952934526364,
      0.6576295047461659,
      0.5462616374049405,
      0.6419282715898713,
      0.6743781748352244,
      0.6455672747770976,
      0.6776079865467436,
      0.6322473776710762,
      0.6386971025045702,
      0.6837921443895989,
      0.6746038793325788,
      0.6500972118215749,
      0.6332879425221993,
      0.7496768465949041,
      0.6363897877392771,
      0.6118268685768085,
      0.535940025118033,
      0.5264421467454061,
      0.6265552730278605,
      0.46898898507931697,
      0.6407527110955543,
      0.6653819206287498,
      0.5850344838631,
      0.6333922438300867,
      0.6059724245258119,
      0.6486819122457522,
      0.5642367877125258,
      0.6138129717495896
    ],
    [
      0.7025939929356324,
      0.6342399878047082,
      0.5450134439030638,
      0.6589928220964287,
      0.5043164025870345,
      0.4883773699490812,
      0.7005444502569672,
      0.40997067716957,
      0.6397796430227377,
      0.6672865249528387,
      0.6739566413810147,
      0.6760497727532183,
      0.5631282093627008,
      1.0000000000000002,
      0.6133138058558176,
      0.699858226153657,
      0.7266099325476645,
      0.6802870919646806,
      0.7055478842999425,
      0.5361189455787229,
      0.5193136276317428,
      0.6770525091951449,
      0.6512354566937305,
      0.526504853456586,
      0.6866963313047236,
      0.6553894823746552,
      0.6777022392426132,
      0.6774042936211552,
      0.6980517650564771,
      0.5340841317146031,
      0.6739191735381848,
      0.6851451850738024,
      0.6035228602582077,
      0.5193431200471955,
      0.6713729750244177,
      0.7049337675523729,
      0.6509396617005098,
      0.3755045728045051,
      0.6856070262122379,
      0.674099736713903,
      0.40453063947023377,
      0.6732663931659544,
      0.5903159143923122,
      0.6710827768306709,
      0.700518922696698,
      0.6863799830028551,
      0.6690697761652152,
      0.5299173719651854,
      0.6973715470512412,
      0.6599042233693171,
      0.6062233575160055,
      0.6215475450380715,
      0.6758049895940889,
      0.604645799074693,
      0.7077393634874886,
      0.6757305982884872,
      0.6345315883656028,
      0.6825992189802583,
      0.6749409459294708,
      0.4732900068372981,
      0.5303244677946048,
      0.538182990510444,
      0.5255177315309673,
      0.6984231194547126,
      0.6817839209144584,
      0.4226632945059356,
      0.5931464287590758,
      0.6465845989964916,
      0.42273792729656484,
      0.5630428666891728,
      0.6658954682830175,
      0.6375985373812243,
      0.7042245762770878,
      0.7054601366281221,
      0.5530315527954978,
      0.5558238308964605,
      0.6417608544346844,
      0.7024502171819152,
      0.6313744230184359,
      0.6652543692073574,
      0.6705885594701997,
      0.47403637077542543,
      0.6131724774097198,
      0.7024664733803399,
      0.6802934537048624,
      0.522609569270323,
      0.48719172583856796,
      0.7142809181390573,
      0.5304896110277686,
      0.5071814493069895,
      0.5494536654449047,
      0.4858345409353822,
      0.6983482506429509,
      0.6157900880505313,
      0.7097775403943125,
      0.5499851004247832,
      0.6238020051983433,
      0.6804636007364608,
      0.7168296206826381,
      0.524758912430218
    ],
    [
      0.6553412856411143,
      0.5743276740638875,
      0.5015523321244771,
      0.6060574352976051,
      0.4949151823388975,
      0.48531208782229446,
      0.6415290027408406,
      0.42157214651936165,
      0.6424953714920701,
      0.641404411106914,
      0.6492213699179836,
      0.6472635700680783,
      0.5707648401053603,
      0.6133138058558176,
      1.0,
      0.6361740744394693,
      0.7022776465087673,
      0.6638055942145699,
      0.6455075450318755,
      0.5516891516223456,
      0.5432914092179029,
      0.6509196828799501,
      0.6333587704872017,
      0.4987897320905245,
      0.655601222686154,
      0.6103644585565029,
      0.6628595599087992,
      0.6306881178387771,
      0.6470033171633515,
      0.5362936579022768,
      0.6465469163701989,
      0.6014974339936923,
      0.5720762932512458,
      0.45647816417344544,
      0.6281740239953153,
      0.6460420592238845,
      0.5867577864413107,
      0.3997167442150618,
      0.6598027568111305,
      0.6621283101549411,
      0.45232846592525866,
      0.6292342040937563,
      0.5812950565094386,
      0.6370608751595765,
      0.6552427229586775,
      0.6584150640483277,
      0.6512237662406896,
      0.5590545985290506,
      0.6422615304991128,
      0.6300333899918051,
      0.6181500127707199,
      0.6237435473796515,
      0.6565929184628082,
      0.5930254878133677,
      0.6450835177225076,
      0.6441167374399657,
      0.6571685031530639,
      0.6653072061098859,
      0.6425878275216036,
      0.4967154652599669,
      0.5659928181042995,
      0.5513442381497,
      0.5185039443975247,
      0.5972180036418885,
      0.6527919972282769,
      0.428277780078164,
      0.6077198472366069,
      0.6424218052277667,
      0.4250740210581025,
      0.5348116910911102,
      0.612137418465907,
      0.6431853579359283,
      0.6761897962338814,
      0.6454086527389075,
      0.5736244953402863,
      0.5852224140800318,
      0.6413955864311189,
      0.657000448204931,
      0.6384763855458978,
      0.6443025587056298,
      0.646022589595722,
      0.4917701020514685,
      0.6245876466840213,
      0.6535071893283247,
      0.6605298249411597,
      0.5182560162278961,
      0.45765476732301236,
      0.6380562479230065,
      0.5219912690914947,
      0.4896672592164972,
      0.5391381449744959,
      0.44834592523489153,
      0.6621293744421042,
      0.6186597498506266,
      0.7884912603569579,
      0.5790665557279014,
      0.5984656835739263,
      0.6398750508307665,
      0.6728215267134636,
      0.570057050378774
    ],
    [
      0.8914305602443754,
      0.7131296672459657,
      0.6148954944015402,
      0.8029391290598117,
      0.5648028861244019,
      0.5373839852619086,
      0.8665358335394298,
      0.44454489598200586,
      0.787650619347578,
      0.7249617392320333,
      0.7305071934004546,
      0.7406052993688874,
      0.6523114968830578,
      0.699858226153657,
      0.6361740744394693,
      0.9999999999999998,
      0.7598641882491137,
      0.8881758590032637,
      0.8513645511708776,
      0.6258437947342059,
      0.6230184465323737,
      0.8899881363986023,
      0.7268143377137063,
      0.6000020855240115,
      0.7064243462453152,
      0.859151045123002,
      0.7036922865489936,
      0.8688709584078682,
      0.8316070971691292,
      0.5885129595829101,
      0.7189017252856535,
      0.7306926851098593,
      0.7209926254266812,
