{
  "feature": "skills",
  "matrix": [
    [
      1.0000000000000002,
      0.2562141842652449,
      0.3123817722272467,
      0.2549006102559951,
      0.25503963098658405,
      0.46840742218520004,
      0.453594959096577,
      0.45594390493167497,
      0.25648307882455196,
      0.25009576170194464,
      0.4625328114166495,
      0.25503963098658405,
      0.4949965636969751,
      0.2538181763242796,
      0.24354735009096748,
      0.2549006102559951,
      0.2471076418819823,
      0.44990799457268926,
      0.24392924087392925,
      0.5580281936877638,
      0.29139727297335044,
      0.44182454578657215,
      0.2428919405393498,
      0.4585902189735874,
      0.5173654035177233,
      0.25503963098658405,
      0.22310564113300663,
      0.2539890744281933,
      0.2483020984442121,
      0.5982354127090846,
      0.27591929541280463,
      0.25648307882455196,
      0.4445280513057827,
      0.3053452300813395,
      0.25503963098658405,
      0.26732502384740453,
      0.23533437025304643,
      0.4677516940590055,
      0.3060620050419356,
      0.25648307882455196,
      0.5173281067280022,
      0.25503963098658405,
      0.453594959096577,
      0.2394650785693494,
      0.25648307882455196,
      0.47300117814056053,
      0.2541306560556043,
      0.4349932338458949,
      0.25648307882455196,
      0.3150196584224898,
      0.2524141333254608,
      0.47025235236919743,
      0.25648307882455196,
      0.24888930914221707,
      0.24345839305734127,
      0.25503963098658405,
      0.5017268752288978,
      0.24667795917561391,
      0.2609946279509442,
      0.46036698020261685,
      0.3161349421751909,
      0.453594959096577,
      0.2558415296503664,
      0.23669423266717363,
      0.24778814742193198,
      0.2923673234701863,
      0.24795294418354355,
      0.2539890744281933,
      0.46593404410616107,
      0.4906411809690006,
      0.24865337123760037,
      0.22160070100788154,
      0.25648307882455196,
      0.26348900098400774,
      0.25648307882455196,
      0.31908124040055186,
      0.32403131557044496,
      0.24792510443198248,
      0.46688656836424147,
      0.47300117814056053,
      0.263166756853019,
      0.43182657469899816,
      0.25786826953540243,
      0.25503963098658405,
      0.2539890744281933,
      0.4623407735304611,
      0.5046145299953539,
      0.263166756853019,
      0.3578603037850716,
      0.23225090325052752,
      0.25648307882455196,
      0.5408187079523199,
      0.25503963098658405,
      0.4715158240110273,
      0.24795294418354355,
      0.4660645507979565,
      0.25503963098658405,
      0.553146885243238,
      0.24907819688803187,
      0.3192279473927895
    ],
    [
      0.2562141842652449,
      1.0,
      0.39903131266736347,
      0.8009826074563309,
      0.7859902301842976,
      0.5222654031241467,
      0.400910045608,
      0.43905436915471024,
      0.8435299970556294,
      0.7560492497952935,
      0.45305337346017804,
      0.7859902301842976,
      0.4547052490681365,
      0.8043821424939841,
      0.46686643246712667,
      0.8009826074563309,
      0.7691298810736751,
      0.42289862276192564,
      0.5401587366589554,
      0.3007152655911708,
      0.432969430660645,
      0.5333890984146643,
      0.6428729251179267,
      0.414641093613494,
      0.2813461063790504,
      0.7859902301842976,
      0.5817869932498623,
      0.8042990374979726,
      0.8556251376841015,
      0.2866914154552647,
      0.3048099319581589,
      0.8435299970556294,
      0.28119164680103326,
      0.4025280529796088,
      0.7859902301842976,
      0.3866148407586428,
      0.6524600827493404,
      0.2827706510406003,
      0.37573418269277997,
      0.8435299970556294,
      0.40732180826931785,
      0.7859902301842976,
      0.400910045608,
      0.6452717567548834,
      0.8435299970556294,
      0.28450241290557177,
      0.7957396339549363,
      0.38962575894049956,
      0.8435299970556294,
      0.23702720106420197,
      0.7777506228268516,
      0.44573072803462005,
      0.8435299970556294,
      0.7722996971161173,
      0.5481099070563251,
      0.7859902301842976,
      0.48128030066224914,
      0.7782301275527981,
      0.8954555420652345,
      0.39998721547502275,
      0.5846265944265787,
      0.400910045608,
      0.48550716809061023,
      0.6543618603079258,
      0.769488350752072,
      0.3954549737630083,
      0.7604023685553885,
      0.8042990374979726,
      0.3987224385284477,
      0.29122528476664045,
      0.7508416849319892,
      0.7108453568302371,
      0.8435299970556294,
      0.8426721493152711,
      0.8435299970556294,
      0.5909048495564075,
      0.7093405932151986,
      0.8151855070488199,
      0.4397593018077263,
      0.28450241290557177,
      0.7994892679128143,
      0.39211692906907847,
      0.7959533900207034,
      0.7859902301842976,
      0.8042990374979726,
      0.28682987708747465,
      0.3428271670160541,
      0.7994892679128143,
      0.4089755108459819,
      0.5029526817803447,
      0.8435299970556294,
      0.26940146553359234,
      0.7859902301842976,
      0.2972513832980805,
      0.7604023685553885,
      0.49207104400498386,
      0.7859902301842976,
      0.295067462394915,
      0.7438772310715638,
      0.5869954959830543
    ],
    [
      0.3123817722272467,
      0.39903131266736347,
      1.0000000000000002,
      0.4043353253227959,
      0.40167392998608126,
      0.44029302609297893,
      0.41996535574723165,
      0.4239423780651495,
      0.4000371639843549,
      0.397981320800979,
      0.4335657458634078,
      0.40167392998608126,
      0.44965134124110157,
      0.4000632863647074,
      0.4136279463676535,
      0.4043353253227959,
      0.399213203962949,
      0.4154994912507096,
      0.4113043624430417,
      0.3850694694000024,
      0.5944648099199741,
      0.4508353118037928,
      0.45610716499575205,
      0.4135528866599218,
      0.4090873052382467,
      0.40167392998608126,
      0.4188566670923961,
      0.40250271742917426,
      0.3950673174898806,
      0.35607618170600197,
      0.5519001686370891,
      0.4000371639843549,
      0.36375303926807956,
      0.35302951019786566,
      0.40167392998608126,
      0.7757720459452069,
      0.4498117688458412,
      0.31295838776436247,
      0.612388785142693,
      0.4000371639843549,
      0.49022682820383545,
      0.40167392998608126,
      0.41996535574723165,
      0.4542174626295196,
      0.4000371639843549,
      0.3089828640161641,
      0.4000087220186155,
      0.44364384265507584,
      0.4000371639843549,
      0.5915222733795761,
      0.39861592693188475,
      0.4592196397255146,
      0.4000371639843549,
      0.3951230678753583,
      0.4981771812278751,
      0.40167392998608126,
      0.46414470318207535,
      0.39023665678450203,
      0.3863350884574985,
      0.41156781487067795,
      0.41998285783824446,
      0.41996535574723165,
      0.3401938144989727,
      0.44882637086717353,
      0.39616925281838866,
      0.8574755352046666,
      0.40125229611515617,
      0.40250271742917426,
      0.40134703406447897,
      0.32000798644069334,
      0.3990533571518664,
      0.3472588108836488,
      0.4000371639843549,
      0.3971314705615516,
      0.4000371639843549,
      0.42713800660684226,
      0.47080637011666665,
      0.39809711987217405,
      0.4257567425391593,
      0.3089828640161641,
      0.3994713871133076,
      0.44731854761806095,
      0.3873216694107585,
      0.40167392998608126,
      0.40250271742917426,
      0.32804086383178294,
      0.4200575568120784,
      0.3994713871133076,
      0.3599315516747731,
      0.43879318479755836,
      0.4000371639843549,
      0.3612714547998487,
      0.40167392998608126,
      0.3346548050841035,
      0.40125229611515617,
      0.42424974923478165,
      0.40167392998608126,
      0.3786095545766928,
      0.3971907800922429,
      0.42416887744329185
    ],
    [
      0.2549006102559951,
      0.8009826074563309,
      0.4043353253227959,
      1.0000000000000002,
      0.8540796881650361,
      0.5288587250882432,
      0.4089124667653235,
      0.4418515167197404,
      0.7942557162578399,
      0.8423945916288607,
      0.4591308783818567,
      0.8540796881650361,
      0.46297662440266374,
      0.85776223169142,
      0.4765037685241379,
      0.9,
      0.840900390766858,
      0.42527872676051276,
      0.5471259832707234,
      0.30357136498324433,
      0.4339169381186454,
      0.5389169285664956,
      0.6684873541272338,
      0.41489615393824764,
      0.2889869523806595,
      0.8540796881650361,
      0.5915989900567744,
      0.8757829637200705,
      0.8015516914356549,
      0.29413968718145145,
      0.3071014141377638,
      0.7942557162578399,
      0.28729267030511096,
      0.3848113768366855,
      0.8540796881650361,
      0.3859153859112709,
      0.6784233489192394,
      0.2841247983885358,
      0.3658654837987795,
      0.7942557162578399,
      0.41817593536905706,
      0.8540796881650361,
      0.4089124667653235,
      0.6742658493960728,
      0.7942557162578399,
      0.2906712057002508,
      0.8597310436823742,
      0.39413182223009896,
      0.7942557162578399,
      0.23015809167597195,
      0.8471054404676721,
      0.4512945665390565,
      0.7942557162578399,
      0.8449006039185494,
      0.5578464093495664,
      0.8540796881650361,
      0.4879436079118241,
      0.8402154655096781,
      0.7396303743380925,
      0.40620176017663123,
      0.5963886877913154,
      0.4089124667653235,
      0.4944416341068668,
      0.6799995661957313,
      0.8396909351649304,
      0.3982750568221246,
      0.8353586128203012,
      0.8757829637200705,
      0.4065005049272456,
      0.30071190008812565,
      0.8441965235472426,
      0.7107237160858857,
      0.7942557162578399,
      0.7913259115810702,
      0.7942557162578399,
      0.6002413923612954,
      0.7273321867917154,
      0.8052346688639633,
      0.44456333483774546,
      0.2906712057002508,
      0.8495151316916079,
      0.396681835802845,
      0.8087625406774372,
      0.8540796881650361,
      0.8757829637200705,
      0.2946616584365662,
      0.34588174996296617,
      0.8495151316916079,
      0.4141159806676047,
      0.5195165997165085,
      0.7942557162578399,
      0.27383004592175986,
      0.8540796881650361,
      0.30503287599207113,
      0.8353586128203012,
      0.49230915764080097,
      0.8540796881650361,
      0.30314266021546915,
      0.8398394429447515,
      0.5966438463069119
    ],
    [
      0.25503963098658405,
      0.7859902301842976,
      0.40167392998608126,
      0.8540796881650361,
      1.0,
      0.522278516717064,
      0.40600262867920295,
      0.4367512581026881,
      0.8067164847624599,
      0.830724369395671,
      0.45451977818487116,
      0.9,
      0.4584881240121462,
      0.834908270389604,
      0.4755637650542549,
      0.8540796881650361,
      0.8455617678360738,
      0.41987759634773103,
      0.5439073427748969,
      0.3046109334986661,
      0.43184677846131486,
      0.5348933223079625,
      0.6635482398333972,
      0.4116900017800974,
      0.2893923355333556,
      0.9,
      0.5884244703426543,
      0.8574049359564415,
      0.784793239970524,
      0.29493476170561883,
      0.3110154508734154,
      0.8067164847624599,
      0.29007235835430545,
      0.38436009242548425,
      0.9,
      0.38150370453686194,
      0.6743399841843496,
      0.2876731993697102,
      0.3676024826557166,
      0.8067164847624599,
      0.41537881842995894,
      0.9,
      0.40600262867920295,
      0.6698642908684062,
      0.8067164847624599,
      0.2929962631268204,
      0.8729533713400042,
      0.39200672421520666,
      0.8067164847624599,
      0.231774445439978,
      0.8740241395954049,
      0.4483646446673312,
      0.8067164847624599,
      0.8577650034625879,
      0.5553146018205443,
      0.9,
      0.48482488986302863,
      0.8408387152619499,
      0.726907895627737,
      0.40305618609824473,
      0.5877199981375627,
      0.40600262867920295,
      0.48926262121790853,
      0.675431354951303,
      0.8474664212233436,
      0.39525926144249285,
      0.8494275975586509,
      0.8574049359564415,
      0.4047602792680752,
      0.3038210429706856,
      0.8357792078792774,
      0.7056380221353035,
      0.8067164847624599,
      0.7830533772154307,
      0.8067164847624599,
      0.5918100482066242,
      0.7215036572274275,
      0.8135419090997282,
      0.4408561434766195,
      0.2929962631268204,
      0.8454876863356162,
      0.3929664452261542,
      0.7855141936449028,
      0.9,
      0.8574049359564415,
      0.29576939730499924,
      0.34471959847013645,
      0.8454876863356162,
      0.4101825726556799,
      0.5167105435564313,
      0.8067164847624599,
      0.2750083270757503,
      0.9,
      0.30625378704186285,
      0.8494275975586509,
      0.4858722599611776,
      0.9,
      0.3066805007830003,
      0.8481214157651649,
      0.5879180753405646
    ],
    [
      0.46840742218520004,
      0.5222654031241467,
      0.44029302609297893,
      0.5288587250882432,
      0.522278516717064,
      1.0000000000000007,
      0.7395695407651299,
      0.825742923110642,
      0.5178817050810838,
      0.5262416113908173,
      0.8334557790453243,
      0.522278516717064,
      0.8350782235958221,
      0.5294374910903021,
      0.44947423240955625,
      0.5288587250882432,
      0.522688664751394,
      0.8155588718968945,
      0.4867227894353394,
      0.5621293096773934,
      0.42918750495136126,
      0.6676225947817822,
      0.48697538339836083,
      0.7916652986926571,
      0.5098925017872352,
      0.522278516717064,
      0.4964114558437231,
      0.5281133192330083,
      0.5172757552132233,
      0.5449080753572753,
      0.35290763823125315,
      0.5178817050810838,
      0.6491432959709771,
      0.442518984238097,
      0.522278516717064,
      0.4037966576828298,
      0.48301247794927155,
      0.5920819800122958,
      0.40348027578658774,
      0.5178817050810838,
      0.5891763297973025,
      0.522278516717064,
      0.7395695407651299,
      0.4861047857544056,
      0.5178817050810838,
      0.5664353259102322,
      0.5238817806970809,
      0.7360688697656128,
      0.5178817050810838,
      0.28934393353926546,
      0.5193731824838246,
      0.8231699953347521,
      0.5178817050810838,
      0.518914809053366,
      0.5200063629068644,
      0.522278516717064,
      0.719903677202636,
      0.5171090496413543,
      0.5205617096938558,
      0.746464546802224,
      0.53526728045519,
      0.7395695407651299,
      0.4070031166087068,
      0.48445062129783445,
      0.5216864314842863,
      0.42095808513110394,
      0.5217732217321083,
      0.5281133192330083,
      0.6432692336914638,
      0.5539211748912828,
      0.5249407460228815,
      0.47365100801071314,
      0.5178817050810838,
      0.5253655217038243,
      0.5178817050810838,
      0.5391414500686125,
      0.5764891348513664,
      0.5176147153534834,
      0.8129704053543506,
      0.5664353259102322,
      0.5303724920210924,
      0.7406306512069258,
      0.5212099510495427,
      0.522278516717064,
      0.5281133192330083,
      0.6664764506575263,
      0.5578098840020219,
      0.5303724920210924,
      0.6889278367956267,
      0.4261764464167987,
      0.5178817050810838,
      0.3668654080201639,
      0.522278516717064,
      0.6591744952923762,
      0.5217732217321083,
      0.8189365453927409,
      0.522278516717064,
      0.46667123803514743,
      0.5218742561472853,
      0.5380067332901389
    ],
    [
      0.453594959096577,
      0.400910045608,
      0.41996535574723165,
      0.4089124667653235,
      0.40600262867920295,
      0.7395695407651299,
      1.0,
      0.8652177751433251,
      0.40177795089056567,
      0.4057106556968156,
      0.8636339670025569,
      0.40600262867920295,
      0.8003405799882835,
      0.4082838640745651,
      0.44972071556519433,
      0.4089124667653235,
      0.40252964395640245,
      0.8646565447092719,
      0.4390998288760152,
      0.6669058662161383,
      0.4249841819098598,
      0.7232558767388811,
      0.4271591118985421,
      0.8676657875563516,
      0.6355465045334312,
      0.40600262867920295,
      0.4010487693473983,
      0.4069801858223024,
      0.39092730792079605,
      0.6502814803162136,
      0.3615041238296049,
      0.40177795089056567,
      0.7535837120450799,
      0.3837674653004771,
      0.40600262867920295,
      0.33248611237120235,
      0.4246887426908118,
      0.5718907636253252,
      0.4284616240867043,
      0.40177795089056567,
      0.7568356603812667,
      0.40600262867920295,
      1.0,
      0.4242623158392788,
      0.40177795089056567,
      0.8338337615709239,
      0.4063173788761712,
      0.8195782617254264,
      0.40177795089056567,
      0.2864779329354801,
      0.40204598334272135,
      0.851024666849308,
      0.40177795089056567,
      0.40054542148728045,
      0.4443490652098093,
      0.40600262867920295,
      0.7718268773890903,
      0.39732882913870066,
      0.40460529117222294,
      0.7721682696485797,
      0.4836313882975338,
      1.0,
      0.3444265748751985,
      0.4262498193968549,
      0.4020667369541322,
      0.40085173594918166,
      0.4029697917511847,
      0.4069801858223024,
      0.7208902301287992,
      0.7752111873315688,
      0.4037712015105192,
      0.3737464160029208,
      0.40177795089056567,
      0.406723427770021,
      0.40177795089056567,
      0.4909672589391189,
      0.5186492343125864,
      0.3981475995427159,
      0.8621724190930554,
      0.8338337615709239,
      0.411447466971105,
      0.8167628462941993,
      0.40101960991029795,
      0.40600262867920295,
      0.4069801858223024,
      0.8860499405903117,
      0.5534671934201373,
      0.411447466971105,
      0.8536306510244155,
      0.4030837201548173,
      0.40177795089056567,
      0.40152071187762106,
      0.40600262867920295,
      0.8855407673223914,
      0.4029697917511847,
      0.7362862089190404,
      0.40600262867920295,
      0.5172422466546491,
      0.4037780886961951,
      0.4897059154969917
    ],
    [
      0.45594390493167497,
      0.43905436915471024,
      0.4239423780651495,
      0.4418515167197404,
      0.4367512581026881,
      0.825742923110642,
      0.8652177751433251,
      1.0000000000000007,
      0.436520965047986,
      0.4368493942800482,
      0.8632131465354076,
      0.4367512581026881,
      0.7771982016706069,
      0.4417426232694579,
      0.4860783221929286,
      0.4418515167197404,
      0.4337964314363185,
      0.8492507886090421,
      0.4875162595801429,
      0.5466054027991408,
      0.43606148584877064,
      0.5941618498798871,
      0.45193605358335437,
      0.8214410731386255,
      0.6222189181389299,
      0.4367512581026881,
      0.4537090970044752,
      0.4403804390651853,
      0.42986055519536537,
      0.5599784734458352,
      0.35256100372885696,
      0.436520965047986,
      0.6703402109402888,
      0.4014633144705985,
      0.4367512581026881,
      0.3523569193534241,
      0.4476469778807862,
      0.5524844976665427,
      0.4185408815007847,
      0.436520965047986,
      0.6883894135094094,
      0.4367512581026881,
      0.8652177751433251,
      0.4483848871936208,
      0.436520965047986,
      0.6990598844979812,
      0.4378939246637412,
      0.8691465740417514,
      0.436520965047986,
      0.27093508350780504,
      0.4327829277433735,
      0.7699675735095866,
      0.436520965047986,
      0.4319195646394626,
      0.4965515575865932,
      0.4367512581026881,
      0.65679248258665,
      0.429954540989487,
      0.4330406404675938,
      0.8775610528466827,
      0.4531196413606636,
      0.8652177751433251,
      0.3793695817335597,
      0.4495490520678686,
      0.4335393306249578,
      0.40392887181581427,
      0.433249970583078,
      0.4403804390651853,
      0.7797360761535017,
      0.671995414183991,
      0.4347830958519076,
      0.4122635196830956,
      0.436520965047986,
      0.4426406785112816,
      0.436520965047986,
      0.46009846626079665,
      0.4992573369499239,
      0.431879760241366,
      0.8424421485737623,
      0.6990598844979812,
      0.44312361330455635,
      0.870994361593544,
      0.43598471616621626,
      0.4367512581026881,
      0.4403804390651853,
      0.7818672609494184,
      0.5483564487833552,
      0.44312361330455635,
      0.8096668943099276,
      0.433208211696208,
      0.436520965047986,
      0.38661450598343466,
      0.4367512581026881,
      0.7712720712563905,
      0.433249970583078,
      0.8235882056402665,
      0.4367512581026881,
      0.5109498253467282,
      0.43305895542147277,
      0.45902081606873757
    ],
    [
      0.25648307882455196,
      0.8435299970556294,
      0.4000371639843549,
      0.7942557162578399,
      0.8067164847624599,
      0.5178817050810838,
      0.40177795089056567,
      0.436520965047986,
      1.0000000000000007,
      0.7613352307905361,
      0.4516764699288976,
      0.8067164847624599,
      0.4531604691899255,
      0.7991124952629121,
      0.46822490326924276,
      0.7942557162578399,
      0.7847139469402524,
      0.42021225644463017,
      0.5380510079927752,
      0.30471408377270254,
      0.4323038100077927,
      0.5336908560256951,
      0.6451082596711605,
      0.4132506504977332,
      0.2851735590440074,
      0.8067164847624599,
      0.5798697048372721,
      0.8042697040055047,
      0.8250473477158584,
      0.28841541066357995,
      0.3046736007250438,
      0.9,
      0.2839686610369026,
      0.4029853747931137,
      0.8067164847624599,
      0.38599785336718195,
      0.6559846241572841,
      0.2857438414965027,
      0.37741440824247763,
      0.9,
      0.4096486210962473,
      0.8067164847624599,
      0.40177795089056567,
      0.6485997217295612,
      0.9,
      0.28889977687490753,
      0.8111476646372116,
      0.38971099904077944,
      0.9,
      0.23583256316252674,
      0.7985690286803389,
      0.4461829109392702,
      0.9,
      0.7970336741118385,
      0.5454564995993245,
      0.8067164847624599,
      0.4827709807372506,
      0.7979916799132214,
      0.8841343378339347,
      0.4001676232413223,
      0.5803661616994625,
      0.40177795089056567,
      0.4815214970865784,
      0.65751014712916,
      0.7926312092843912,
      0.3963134239141915,
      0.7798420993304325,
      0.8042697040055047,
      0.4010927728958954,
      0.29458253751633695,
      0.7574019327077361,
      0.7074893130454849,
      0.9,
      0.8407558436243652,
      0.9,
      0.586964240016173,
      0.7112121911057003,
      0.8448748456081407,
      0.43886226890039326,
      0.28889977687490753,
      0.8052772960773462,
      0.39116048189421826,
      0.771998590252067,
      0.8067164847624599,
      0.8042697040055047,
      0.2894109445801039,
      0.34505221603985725,
      0.8052772960773462,
      0.4082480564733462,
      0.5043219445445093,
      0.9,
      0.2710933840390408,
      0.8067164847624599,
      0.30020141466871914,
      0.7798420993304325,
      0.48804935855171466,
      0.8067164847624599,
      0.3019707084850843,
      0.7584790568560085,
      0.582561759859086
    ],
    [
      0.25009576170194464,
      0.7560492497952935,
      0.397981320800979,
      0.8423945916288607,
      0.830724369395671,
      0.5262416113908173,
      0.4057106556968156,
      0.4368493942800482,
      0.7613352307905361,
      1.0,
      0.45604110659202657,
      0.830724369395671,
      0.46018967598210625,
      0.8539519222072611,
      0.4807484034400667,
      0.8423945916288607,
      0.8499120588770959,
      0.42059836034626,
      0.5496708007576827,
      0.29797359495690445,
      0.4328521262967606,
      0.5374936128996288,
      0.6814776854415114,
      0.4080480187502569,
      0.2828717248565359,
      0.830724369395671,
      0.5956105882603631,
      0.8539470652675871,
      0.7572414147410744,
      0.29331436969636543,
      0.29830062049319944,
      0.7613352307905361,
      0.2830411543614376,
      0.38088571231044466,
      0.830724369395671,
      0.3788248858160437,
      0.692443354383759,
      0.2817349525015939,
      0.35757655070630706,
      0.7613352307905361,
      0.4165738852327989,
      0.830724369395671,
      0.4057106556968156,
      0.6896882491208502,
      0.7613352307905361,
      0.2890935608356628,
      0.8462871216905437,
      0.38977076288915463,
      0.7613352307905361,
      0.21760842204377978,
      0.8236238080107223,
      0.447191655943719,
      0.7613352307905361,
      0.8449325115871771,
      0.5599960960352753,
      0.830724369395671,
      0.4857766861487911,
      0.8482378811343128,
      0.715492877073111,
      0.4026020924339367,
      0.5999185027607506,
      0.4057106556968156,
      0.49720054092760263,
      0.693695887944709,
      0.8475844481920352,
      0.3909869305741224,
      0.8346425603293635,
      0.8539470652675871,
      0.4047842628571407,
      0.2980186152323671,
      0.8784390395129595,
      0.7061261893125366,
      0.7613352307905361,
      0.7533451217117695,
      0.7613352307905361,
      0.60291494598511,
      0.7368236120758556,
      0.7870766170707642,
      0.4396887559572302,
      0.2890935608356628,
      0.8173113019887723,
      0.3926122210630631,
      0.7757383801888587,
      0.830724369395671,
      0.8539470652675871,
      0.29131423095631354,
      0.3441167185305261,
      0.8173113019887723,
      0.41109302971682804,
      0.5243280640735151,
      0.7613352307905361,
      0.26887134730880013,
      0.830724369395671,
      0.30172632928224824,
      0.8346425603293635,
      0.4877219224479653,
      0.830724369395671,
      0.3001996381856991,
      0.868064611203764,
      0.5980007360211802
    ],
    [
      0.4625328114166495,
      0.45305337346017804,
      0.4335657458634078,
      0.4591308783818567,
      0.45451977818487116,
      0.8334557790453243,
      0.8636339670025569,
      0.8632131465354076,
      0.4516764699288976,
      0.45604110659202657,
      1.0,
      0.45451977818487116,
      0.7839629262171551,
      0.4585999136268639,
      0.49664476050255874,
      0.4591308783818567,
      0.45300265749128127,
      0.8199328831312624,
      0.4992225108653949,
      0.5552073172416155,
      0.4480311289197538,
      0.6038689931474928,
      0.47593415658336496,
      0.7943115934639897,
      0.6306157660392887,
      0.45451977818487116,
      0.4661349075344987,
      0.45800438062831694,
      0.44519015911220056,
      0.5712746686813561,
      0.36267741111847285,
      0.4516764699288976,
      0.6747977959322293,
      0.406760685127857,
      0.45451977818487116,
      0.3591410296136233,
      0.4710695822061801,
      0.557572148945753,
      0.425933200879049,
      0.4516764699288976,
      0.6954209217691318,
      0.45451977818487116,
      0.8636339670025569,
      0.4739302553825811,
      0.4516764699288976,
      0.7009356640225867,
      0.4552853541290766,
      0.8663961575100023,
      0.4516764699288976,
      0.2772578578966896,
      0.4512388489513253,
      0.7731649752954776,
      0.4516764699288976,
      0.45085537109502494,
      0.5109449386294047,
      0.45451977818487116,
      0.6657872587781363,
      0.44837215867125213,
      0.44614858146563535,
      0.873941822380006,
      0.4665883876509329,
      0.8636339670025569,
      0.39132744482767295,
      0.4726591570901041,
      0.4529686329825304,
      0.4104795552821594,
      0.45289505308669564,
      0.45800438062831694,
      0.7797003309929056,
      0.6777448764105926,
      0.45451820009712524,
      0.42272593765316996,
      0.4516764699288976,
      0.45650999550412197,
      0.4516764699288976,
      0.47257383243186507,
      0.5168300688582882,
      0.4491096756449542,
      0.8543357470049011,
      0.7009356640225867,
      0.4599616056255872,
      0.8689319459955858,
      0.45052243577328926,
      0.45451977818487116,
      0.45800438062831694,
      0.7830496653602534,
      0.5530330860762778,
      0.4599616056255872,
      0.8060796336851017,
      0.4506682758278167,
      0.4516764699288976,
      0.3965121491668287,
      0.45451977818487116,
      0.7739250455615541,
      0.45289505308669564,
      0.8232631654825999,
      0.45451977818487116,
      0.5234398416341444,
      0.452517829241073,
      0.4713616682927363
    ],
    [
      0.25503963098658405,
      0.7859902301842976,
      0.40167392998608126,
      0.8540796881650361,
      0.9,
      0.522278516717064,
      0.40600262867920295,
      0.4367512581026881,
      0.8067164847624599,
      0.830724369395671,
      0.45451977818487116,
      1.0,
      0.4584881240121462,
      0.834908270389604,
      0.4755637650542549,
      0.8540796881650361,
      0.8455617678360738,
      0.41987759634773103,
      0.5439073427748969,
      0.3046109334986661,
      0.43184677846131486,
      0.5348933223079625,
      0.6635482398333972,
      0.4116900017800974,
      0.2893923355333556,
      0.9,
      0.5884244703426543,
      0.8574049359564415,
      0.784793239970524,
      0.29493476170561883,
      0.3110154508734154,
      0.8067164847624599,
      0.29007235835430545,
      0.38436009242548425,
      0.9,
      0.38150370453686194,
      0.6743399841843496,
      0.2876731993697102,
      0.3676024826557166,
      0.8067164847624599,
      0.41537881842995894,
      0.9,
      0.40600262867920295,
      0.6698642908684062,
      0.8067164847624599,
      0.2929962631268204,
      0.8729533713400042,
      0.39200672421520666,
      0.8067164847624599,
      0.231774445439978,
      0.8740241395954049,
      0.4483646446673312,
      0.8067164847624599,
      0.8577650034625879,
      0.5553146018205443,
      0.9,
      0.48482488986302863,
      0.8408387152619499,
      0.726907895627737,
      0.40305618609824473,
      0.5877199981375627,
      0.40600262867920295,
      0.48926262121790853,
      0.675431354951303,
      0.8474664212233436,
      0.39525926144249285,
      0.8494275975586509,
      0.8574049359564415,
      0.4047602792680752,
      0.3038210429706856,
      0.8357792078792774,
      0.7056380221353035,
      0.8067164847624599,
      0.7830533772154307,
      0.8067164847624599,
      0.5918100482066242,
      0.7215036572274275,
      0.8135419090997282,
      0.4408561434766195,
      0.2929962631268204,
      0.8454876863356162,
      0.3929664452261542,
      0.7855141936449028,
      0.9,
      0.8574049359564415,
      0.29576939730499924,
      0.34471959847013645,
      0.8454876863356162,
      0.4101825726556799,
      0.5167105435564313,
      0.8067164847624599,
      0.2750083270757503,
      0.9,
      0.30625378704186285,
      0.8494275975586509,
      0.4858722599611776,
      0.9,
      0.3066805007830003,
      0.8481214157651649,
      0.5879180753405646
    ],
    [
      0.4949965636969751,
      0.4547052490681365,
      0.44965134124110157,
      0.46297662440266374,
      0.4584881240121462,
      0.8350782235958221,
      0.8003405799882835,
      0.7771982016706069,
      0.4531604691899255,
      0.46018967598210625,
      0.7839629262171551,
      0.4584881240121462,
      1.0,
      0.4628705857281758,
      0.44386472416195105,
      0.46297662440266374,
      0.4574317413796067,
      0.7675177357490821,
      0.4575769052640167,
      0.6508345509074828,
      0.4433736235511245,
      0.7622179570258557,
      0.45341689563976034,
      0.7464434704371475,
      0.5412964305806831,
      0.4584881240121462,
      0.4405307332912456,
      0.46149628281509497,
      0.44659626727728874,
      0.6708791507882876,
      0.3697720614151216,
      0.4531604691899255,
      0.714252849521122,
      0.3873116462507956,
      0.4584881240121462,
      0.38592118765404243,
      0.44929268860391275,
      0.694054472278826,
      0.4272763045916241,
      0.4531604691899255,
      0.6729818815061994,
      0.4584881240121462,
      0.8003405799882835,
      0.45150992487817365,
      0.4531604691899255,
      0.6606263239151918,
      0.45922824374254256,
      0.7181185043186722,
      0.4531604691899255,
      0.3072821666128787,
      0.45529358374992657,
      0.8837334981635181,
      0.4531604691899255,
      0.4542270772491338,
      0.4725824056379482,
      0.4584881240121462,
      0.8130208157694401,
      0.45173407047359126,
      0.4556627759586428,
      0.8201945586896588,
      0.5480820967552904,
      0.8003405799882835,
      0.3846811171756796,
      0.45023879900253644,
      0.45648903361915966,
      0.42175026734245497,
      0.4573560294160063,
      0.46149628281509497,
      0.72923217627496,
      0.6630502929137385,
      0.4586543905160714,
      0.40934087469373265,
      0.4531604691899255,
      0.4586597970338162,
      0.4531604691899255,
      0.5534548164025977,
      0.5693147083200647,
      0.45174139794356954,
      0.7663304784432031,
      0.6606263239151918,
      0.46427604665617017,
      0.7261335711838961,
      0.4558501543864169,
      0.4584881240121462,
      0.46149628281509497,
      0.735084558888181,
      0.5448935069451705,
      0.46427604665617017,
      0.666662330035703,
      0.4144470365718273,
      0.4531604691899255,
      0.38502998661461596,
      0.4584881240121462,
      0.7376275550607873,
      0.4573560294160063,
      0.8229579541981689,
      0.4584881240121462,
      0.4963078383678578,
      0.45733504767338734,
      0.5530762823809293
    ],
    [
      0.2538181763242796,
      0.8043821424939841,
      0.4000632863647074,
      0.85776223169142,
      0.834908270389604,
      0.5294374910903021,
      0.4082838640745651,
      0.4417426232694579,
      0.7991124952629121,
      0.8539519222072611,
      0.4585999136268639,
      0.834908270389604,
      0.4628705857281758,
      0.9999999999999998,
      0.4770205450759268,
      0.85776223169142,
      0.8417895270064459,
      0.4260244661396071,
      0.5493312575077812,
      0.3010912839500892,
      0.43058028836141904,
      0.5421677937724294,
      0.6684842229722546,
      0.41426002494647685,
      0.28312028981971915,
      0.834908270389604,
      0.5936733259820133,
      0.8698930234210793,
      0.796230165527908,
      0.2912090741662401,
      0.29815024843600774,
      0.7991124952629121,
      0.2849655884662578,
      0.38795787705618107,
      0.834908270389604,
      0.3853864535065347,
      0.6796192096790954,
      0.2834846710242965,
      0.36209077472517326,
      0.7991124952629121,
      0.41625018543276965,
      0.834908270389604,
      0.4082838640745651,
      0.6740217191727403,
      0.7991124952629121,
      0.28924430521495936,
      0.8592347269001066,
      0.3934777339836416,
      0.7991124952629121,
      0.22495198117293588,
      0.8209308330961389,
      0.4518540895840607,
      0.7991124952629121,
      0.8355788653163261,
      0.5573614714116022,
      0.834908270389604,
      0.48854690062387746,
      0.8460362073341425,
      0.7281510699897713,
      0.4059081470814463,
      0.5972102292097804,
      0.4082838640745651,
      0.4938268799167801,
      0.6813106302941948,
      0.8371707494971705,
      0.3963663419276661,
      0.8223099184888127,
      0.8698930234210793,
      0.40637284194994466,
      0.29680525472334435,
      0.8400831838098539,
      0.7175102076797696,
      0.7991124952629121,
      0.7967486013009641,
      0.7991124952629121,
      0.602113619108148,
      0.731842235056833,
      0.8118805110039324,
      0.44284298301729164,
      0.28924430521495936,
      0.8350157505566123,
      0.39646574900643533,
      0.805971944831557,
      0.834908270389604,
      0.8698930234210793,
      0.2919684733254528,
      0.3466934111798833,
      0.8350157505566123,
      0.4156405917806843,
      0.5166217582045051,
      0.7991124952629121,
      0.27045457209868784,
      0.834908270389604,
      0.30215741968389204,
      0.8223099184888127,
      0.49527089383982326,
      0.834908270389604,
      0.29867853788047316,
      0.8334322970945669,
      0.5972545778127337
    ],
    [
      0.24354735009096748,
      0.46686643246712667,
      0.4136279463676535,
      0.4765037685241379,
      0.4755637650542549,
      0.44947423240955625,
      0.44972071556519433,
      0.4860783221929286,
      0.46822490326924276,
      0.4807484034400667,
      0.49664476050255874,
      0.4755637650542549,
      0.44386472416195105,
      0.4770205450759268,
      1.0,
      0.4765037685241379,
      0.47857290705415273,
      0.47790338853146774,
      0.8445288770995419,
      0.3114742201510855,
      0.43929108522012705,
      0.43760080971046633,
      0.7245782509812507,
      0.4742700870104807,
      0.3682912699496089,
      0.4755637650542549,
      0.4552119225099428,
      0.47834445690900745,
      0.45946777427967017,
      0.3120810580541506,
      0.30084973496761286,
      0.46822490326924276,
      0.33577289166220003,
      0.2892147408628559,
      0.4755637650542549,
      0.34501947404671973,
      0.7226092237368433,
      0.2747647064661879,
      0.3794935908304591,
      0.46822490326924276,
      0.46113963254638585,
      0.4755637650542549,
      0.44972071556519433,
      0.711335651790604,
      0.46822490326924276,
      0.32772741511731035,
      0.4751453201872557,
      0.4924720600186929,
      0.46822490326924276,
      0.2376688591367379,
      0.47388722586172793,
      0.43993195308832345,
      0.46822490326924276,
      0.4744823359562443,
      0.4968652402108171,
      0.4755637650542549,
      0.4393473424408742,
      0.47134462014379835,
      0.45240638591661575,
      0.45703895734509425,
      0.4459498030699001,
      0.44972071556519433,
      0.41558663064296764,
      0.7242588164687157,
      0.4764140367024371,
      0.3802221959696638,
      0.480023005655684,
      0.47834445690900745,
      0.43970164388313854,
      0.33076667935312964,
      0.4806584102925188,
      0.4034777506402895,
      0.46822490326924276,
      0.4618557335239256,
      0.46822490326924276,
      0.4509078095039937,
      0.5102285997733,
      0.47035291252623335,
      0.48898252579288687,
      0.32772741511731035,
      0.46703735119661,
      0.49772945183091677,
      0.45838652718772266,
      0.4755637650542549,
      0.47834445690900745,
      0.33738051184281354,
      0.3508666294633777,
      0.46703735119661,
      0.4090139059353612,
      0.7317647632473805,
      0.46822490326924276,
      0.2893023472946976,
      0.4755637650542549,
      0.3469855883472251,
      0.480023005655684,
      0.4342770915799761,
      0.4755637650542549,
      0.31131811716148944,
      0.4785025040135136,
      0.44872503062999236
    ],
    [
      0.2549006102559951,
      0.8009826074563309,
      0.4043353253227959,
      0.9,
      0.8540796881650361,
      0.5288587250882432,
      0.4089124667653235,
      0.4418515167197404,
      0.7942557162578399,
      0.8423945916288607,
      0.4591308783818567,
      0.8540796881650361,
      0.46297662440266374,
      0.85776223169142,
      0.4765037685241379,
      1.0000000000000002,
      0.840900390766858,
      0.42527872676051276,
      0.5471259832707234,
      0.30357136498324433,
      0.4339169381186454,
      0.5389169285664956,
      0.6684873541272338,
      0.41489615393824764,
      0.2889869523806595,
      0.8540796881650361,
      0.5915989900567744,
      0.8757829637200705,
      0.8015516914356549,
      0.29413968718145145,
      0.3071014141377638,
      0.7942557162578399,
      0.28729267030511096,
      0.3848113768366855,
      0.8540796881650361,
      0.3859153859112709,
      0.6784233489192394,
      0.2841247983885358,
      0.3658654837987795,
      0.7942557162578399,
      0.41817593536905706,
