{
  "feature": "specialties",
  "matrix": [
    [
      0.9999999999999998,
      0.8728700601912387,
      0.5213485461269691,
      0.842302280926952,
      0.7053217649918198,
      0.8735316038868097,
      0.7506849343664386,
      0.842302280926952,
      0.842302280926952,
      0.842302280926952,
      0.7305303148702628,
      0.842302280926952,
      0.8011084171613985,
      0.8335605378475004,
      0.842302280926952,
      0.8728700601912387,
      0.8183521826032467,
      0.7005405114983103,
      0.5186934576084208,
      0.7057648431251148,
      0.5543364416857524,
      0.842302280926952,
      0.842302280926952,
      0.7767751396801645,
      0.6337933071010099,
      0.842302280926952,
      0.842302280926952,
      0.842302280926952,
      0.8728700601912387,
      0.5842052926661777,
      0.8097262732319765,
      0.842302280926952,
      0.759128588961808,
      0.842302280926952,
      0.842302280926952,
      0.8097262732319765,
      0.9,
      0.7053217649918198,
      0.8440314265885533,
      0.9,
      0.620960531614714,
      0.8583435724162756,
      0.7640165111826771,
      0.9,
      0.842302280926952,
      0.7164465581480566,
      0.7164465581480566,
      0.8153873440520858,
      0.7075232623163668,
      0.7961222196793547,
      0.8097262732319765,
      0.7640165111826771,
      0.8728700601912387,
      0.842302280926952,
      0.842302280926952,
      0.842302280926952,
      0.6919167162901804,
      0.811432187292662,
      0.7164465581480566,
      0.759128588961808,
      0.6009376390046526,
      0.7640165111826771,
      0.4581395980716903,
      0.842302280926952,
      0.8335605378475004,
      0.6034377787638783,
      0.842302280926952,
      0.8440314265885533,
      0.7506849343664386,
      0.7640165111826771,
      0.5545371480104205,
      0.5728641234186184,
      0.7164465581480566,
      0.842302280926952,
      0.842302280926952,
      0.5991298913873755,
      0.842302280926952,
      0.842302280926952,
      0.831065635481008,
      0.7506849343664386,
      0.842302280926952,
      0.8011084171613985,
      0.811432187292662,
      0.8097262732319765,
      0.8728700601912387,
      0.759128588961808,
      0.8230656926789335,
      0.7767751396801645,
      0.835881035022117,
      0.842302280926952,
      0.7053217649918198,
      0.36132983041542527,
      0.842302280926952,
      0.7506849343664386,
      0.8183521826032467,
      0.5677357545009675,
      0.4934637540282133,
      0.5992314878801421,
      0.8555053929638934,
      0.6020932203275988
    ],
    [
      0.8728700601912387,
      1.0,
      0.49197643969644794,
      0.7097469328999353,
      0.8251552941129638,
      0.8631816365731253,
      0.7140190389673442,
      0.7097469328999353,
      0.7097469328999353,
      0.7097469328999353,
      0.7038860419826236,
      0.7097469328999353,
      0.8777337190457609,
      0.7052843641047559,
      0.7097469328999353,
      0.9,
      0.8474581480991723,
      0.6872934006631655,
      0.5082900792618087,
      0.6743521192177973,
      0.5194002972993346,
      0.7097469328999353,
      0.7097469328999353,
      0.7609285692129157,
      0.575522132846165,
      0.7097469328999353,
      0.7097469328999353,
      0.7097469328999353,
      1.0,
      0.5537544546015645,
      0.8743605026550157,
      0.7097469328999353,
      0.7015644016184539,
      0.7097469328999353,
      0.7097469328999353,
      0.8743605026550157,
      0.8728700601912387,
      0.8251552941129638,
      0.8630630457505726,
      0.8728700601912387,
      0.5991314038678147,
      0.8675571017777024,
      0.8919858687706461,
      0.8728700601912387,
      0.7097469328999353,
      0.8281830871549511,
      0.8281830871549511,
      0.8754132928051938,
      0.8072670170052362,
      0.8911874792223448,
      0.8743605026550157,
      0.8919858687706461,
      0.9,
      0.7097469328999353,
      0.7097469328999353,
      0.7097469328999353,
      0.6570758708025295,
      0.7406001281823167,
      0.8281830871549511,
      0.7015644016184539,
      0.5590432098510286,
      0.8919858687706461,
      0.44066754273138875,
      0.7097469328999353,
      0.7052843641047559,
      0.5447864391014358,
      0.7097469328999353,
      0.8630630457505726,
      0.7140190389673442,
      0.8919858687706461,
      0.5521816405254374,
      0.531714771364266,
      0.8281830871549511,
      0.7097469328999353,
      0.7097469328999353,
      0.5626684948383953,
      0.7097469328999353,
      0.7097469328999353,
      0.8765369465613227,
      0.7140190389673442,
      0.7097469328999353,
      0.8777337190457609,
      0.7406001281823167,
      0.8743605026550157,
      0.9,
      0.7015644016184539,
      0.858973869296155,
      0.7609285692129157,
      0.8602686576616623,
      0.7097469328999353,
      0.8251552941129638,
      0.36786070212064204,
      0.7097469328999353,
      0.7140190389673442,
      0.8474581480991723,
      0.5620061837694552,
      0.47320706082897246,
      0.5481675124088589,
      0.8682983261851025,
      0.5805948917293604
    ],
    [
      0.5213485461269691,
      0.49197643969644794,
      1.0000000000000002,
      0.5146200006742979,
      0.5014402113877421,
      0.5185511045894715,
      0.5021630826945266,
      0.5146200006742979,
      0.5146200006742979,
      0.5146200006742979,
      0.41053890634075574,
      0.5146200006742979,
      0.5233074932363515,
      0.5125702367990255,
      0.5146200006742979,
      0.49197643969644794,
      0.5240683698736631,
      0.3943339616074363,
      0.37423079576466617,
      0.5872383440285441,
      0.5268370785951118,
      0.5146200006742979,
      0.5146200006742979,
      0.5100015818030976,
      0.5369270152691743,
      0.5146200006742979,
      0.5146200006742979,
      0.5146200006742979,
      0.49197643969644794,
      0.5232300656463758,
      0.5151273932549505,
      0.5146200006742979,
      0.510382667109694,
      0.5146200006742979,
      0.5146200006742979,
      0.5151273932549505,
      0.5213485461269691,
      0.5014402113877421,
      0.5129668280089223,
      0.5213485461269691,
      0.543222325317692,
      0.5177053813888506,
      0.5155976745480219,
      0.5213485461269691,
      0.5146200006742979,
      0.504633031183197,
      0.504633031183197,
      0.5227050177126538,
      0.5037881513457743,
      0.5171760865242353,
      0.5151273932549505,
      0.5155976745480219,
      0.49197643969644794,
      0.5146200006742979,
      0.5146200006742979,
      0.5146200006742979,
      0.5759101776282888,
      0.5152944404537709,
      0.504633031183197,
      0.510382667109694,
      0.5392629114563249,
      0.5155976745480219,
      0.4264158455503453,
      0.5146200006742979,
      0.5125702367990255,
      0.8120122108107586,
      0.5146200006742979,
      0.5129668280089223,
      0.5021630826945266,
      0.5155976745480219,
      0.4112895044687895,
      0.4763228307868063,
      0.504633031183197,
      0.5146200006742979,
      0.5146200006742979,
      0.556883419747824,
      0.5146200006742979,
      0.5146200006742979,
      0.5136854748657322,
      0.5021630826945266,
      0.5146200006742979,
      0.5233074932363515,
      0.5152944404537709,
      0.5151273932549505,
      0.49197643969644794,
      0.510382667109694,
      0.510578636016202,
      0.5100015818030976,
      0.4972040551501153,
      0.5146200006742979,
      0.5014402113877421,
      0.43804509861372665,
      0.5146200006742979,
      0.5021630826945266,
      0.5240683698736631,
      0.5256229832158773,
      0.36817619689414494,
      0.5124659878359613,
      0.5166925308106256,
      0.5404630222702369
    ],
    [
      0.842302280926952,
      0.7097469328999353,
      0.5146200006742979,
      1.0000000000000007,
      0.8970308534302385,
      0.8279633529683652,
      0.7666945130981673,
      0.9,
      0.9,
      0.9,
      0.7292190297366198,
      0.9,
      0.7897294737507412,
      0.8546916994479972,
      0.9,
      0.7097469328999353,
      0.7748073951349448,
      0.7034541070740191,
      0.5153170937013005,
      0.701751631093595,
      0.5487259671332132,
      0.9,
      0.9,
      0.8048874660623806,
      0.6164331938681847,
      0.9,
      0.9,
      0.9,
      0.7097469328999353,
      0.5780054809489193,
      0.802645119959227,
      0.9,
      0.7729317994450464,
      0.9,
      0.9,
      0.802645119959227,
      0.842302280926952,
      0.8970308534302385,
      0.8254600028052674,
      0.842302280926952,
      0.6193051354862892,
      0.8170421506651999,
      0.7670791038796052,
      0.842302280926952,
      0.9,
      0.7725603191102342,
      0.7725603191102342,
      0.8001078279730431,
      0.8921953198094388,
      0.8011526202183401,
      0.802645119959227,
      0.7670791038796052,
      0.7097469328999353,
      0.9,
      0.9,
      0.9,
      0.6851075268984397,
      0.8409014685521126,
      0.7725603191102342,
      0.7729317994450464,
      0.5916286150858002,
      0.7670791038796052,
      0.4510256568134155,
      0.9,
      0.8546916994479972,
      0.5906107366917114,
      0.9,
      0.8254600028052674,
      0.7666945130981673,
      0.7670791038796052,
      0.5541031123451281,
      0.5610826453943758,
      0.7725603191102342,
      0.9,
      0.9,
      0.5910113437638875,
      0.9,
      0.9,
      0.8028269153490539,
      0.7666945130981673,
      0.9,
      0.7897294737507412,
      0.8409014685521126,
      0.802645119959227,
      0.7097469328999353,
      0.7729317994450464,
      0.7990023445586385,
      0.8048874660623806,
      0.8451383033503976,
      0.9,
      0.8970308534302385,
      0.3645634638829449,
      0.9,
      0.7666945130981673,
      0.7748073951349448,
      0.5674156599414515,
      0.4873385658651386,
      0.5841148836759325,
      0.8343997939250478,
      0.5997824337339117
    ],
    [
      0.7053217649918198,
      0.8251552941129638,
      0.5014402113877421,
      0.8970308534302385,
      1.0000000000000002,
      0.7064619224263906,
      0.8859874277379874,
      0.8970308534302385,
      0.8970308534302385,
      0.8970308534302385,
      0.7122030928554793,
      0.8970308534302385,
      0.886833702086979,
      0.7232094585312394,
      0.8970308534302385,
      0.8251552941129638,
      0.876189367417971,
      0.6992360745697489,
      0.5282278676793641,
      0.6791621556493754,
      0.5352469535619244,
      0.8970308534302385,
      0.8970308534302385,
      0.8942030014081471,
      0.6187067832879095,
      0.8970308534302385,
      0.8970308534302385,
      0.8970308534302385,
      0.8251552941129638,
      0.5631143749183903,
      0.8763389924297882,
      0.8970308534302385,
      0.8753933791612161,
      0.8970308534302385,
      0.8970308534302385,
      0.8763389924297882,
      0.7053217649918198,
      0.9,
      0.7241591096543936,
      0.7053217649918198,
      0.604310432269764,
      0.7306602380100387,
      0.8700227954990656,
      0.7053217649918198,
      0.8970308534302385,
      0.8508527673374365,
      0.8508527673374365,
      0.8938263449234634,
      0.8470091509065392,
      0.88180622363272,
      0.8763389924297882,
      0.8700227954990656,
      0.8251552941129638,
      0.8970308534302385,
      0.8970308534302385,
      0.8970308534302385,
      0.6710367187601869,
      0.898802016309903,
      0.8508527673374365,
      0.8753933791612161,
      0.5791695331304467,
      0.8700227954990656,
      0.4533912934800117,
      0.8970308534302385,
      0.7232094585312394,
      0.5842280844219241,
      0.8970308534302385,
      0.7241591096543936,
      0.8859874277379874,
      0.8700227954990656,
      0.5521224701447363,
      0.5765499244803478,
      0.8508527673374365,
      0.8970308534302385,
      0.8970308534302385,
      0.5804866231990695,
      0.8970308534302385,
      0.8970308534302385,
      0.7233962176785513,
      0.8859874277379874,
      0.8970308534302385,
      0.886833702086979,
      0.898802016309903,
      0.8763389924297882,
      0.8251552941129638,
      0.8753933791612161,
      0.7640820479260495,
      0.8942030014081471,
      0.8920105451896141,
      0.8970308534302385,
      0.9,
      0.3639431583585441,
      0.8970308534302385,
      0.8859874277379874,
      0.876189367417971,
      0.5519513901046776,
      0.498883692643925,
      0.5904348530902584,
      0.7356879366800606,
      0.5846798412641111
    ],
    [
      0.8735316038868097,
      0.8631816365731253,
      0.5185511045894715,
      0.8279633529683652,
      0.7064619224263906,
      1.0000000000000002,
      0.7444348272438985,
      0.8279633529683652,
      0.8279633529683652,
      0.8279633529683652,
      0.7284804247033372,
      0.8279633529683652,
      0.792135112132895,
      0.8144485275560829,
      0.8279633529683652,
      0.8631816365731253,
      0.8154071714914319,
      0.6981240755500621,
      0.5143196277176929,
      0.705735234079091,
      0.5475752060854802,
      0.8279633529683652,
      0.8279633529683652,
      0.7549265019426472,
      0.6324185995888938,
      0.8279633529683652,
      0.8279633529683652,
      0.8279633529683652,
      0.8631816365731253,
      0.5863819814955038,
      0.80268808793417,
      0.8279633529683652,
      0.7548807965888897,
      0.8279633529683652,
      0.8279633529683652,
      0.80268808793417,
      0.8735316038868097,
      0.7064619224263906,
      0.8603556293259937,
      0.8735316038868097,
      0.6220968157278707,
      0.84206756226217,
      0.755141199663413,
      0.8735316038868097,
      0.8279633529683652,
      0.701139968826991,
      0.701139968826991,
      0.806478414172346,
      0.7176059194535342,
      0.7894629792252723,
      0.80268808793417,
      0.755141199663413,
      0.8631816365731253,
      0.8279633529683652,
      0.8279633529683652,
      0.8279633529683652,
      0.6940279654310533,
      0.7946749363815129,
      0.701139968826991,
      0.7548807965888897,
      0.6021202044943875,
      0.755141199663413,
      0.4579217481148168,
      0.8279633529683652,
      0.8144485275560829,
      0.6000497388428011,
      0.8279633529683652,
      0.8603556293259937,
      0.7444348272438985,
      0.755141199663413,
      0.5492898344122253,
      0.5712119722436663,
      0.701139968826991,
      0.8279633529683652,
      0.8279633529683652,
      0.6005554758489102,
      0.8279633529683652,
      0.8279633529683652,
      0.8195899773486313,
      0.7444348272438985,
      0.8279633529683652,
      0.792135112132895,
      0.7946749363815129,
      0.80268808793417,
      0.8631816365731253,
      0.7548807965888897,
      0.8209186754521309,
      0.7549265019426472,
      0.8284515693185536,
      0.8279633529683652,
      0.7064619224263906,
      0.35956471883370467,
      0.8279633529683652,
      0.7444348272438985,
      0.8154071714914319,
      0.568060751141708,
      0.49260435711336026,
      0.5980565321964705,
      0.8579653951311386,
      0.602958212744155
    ],
    [
      0.7506849343664386,
      0.7140190389673442,
      0.5021630826945266,
      0.7666945130981673,
      0.8859874277379874,
      0.7444348272438985,
      0.9999999999999996,
      0.7666945130981673,
      0.7666945130981673,
      0.7666945130981673,
      0.7455103715280866,
      0.7666945130981673,
      0.804767328366695,
      0.7893118153606511,
      0.7666945130981673,
      0.7140190389673442,
      0.7441576816691247,
      0.711921646040309,
      0.5202704255187022,
      0.7029438324486136,
      0.5356798660003744,
      0.7666945130981673,
      0.7666945130981673,
      0.7869296519392275,
      0.6140456944620507,
      0.7666945130981673,
      0.7666945130981673,
      0.7666945130981673,
      0.7140190389673442,
      0.5823957922476936,
      0.7806774341042204,
      0.7666945130981673,
      0.8551712839387307,
      0.7666945130981673,
      0.7666945130981673,
      0.7806774341042204,
      0.7506849343664386,
      0.8859874277379874,
      0.7519810344419302,
      0.7506849343664386,
      0.6245994993109438,
      0.7617676488641816,
      0.8118352515763287,
      0.7506849343664386,
      0.7666945130981673,
      0.7571490076630474,
      0.7571490076630474,
      0.7990415721293815,
      0.8779593902701939,
      0.8246021660638807,
      0.7806774341042204,
      0.8118352515763287,
      0.7140190389673442,
      0.7666945130981673,
      0.7666945130981673,
      0.7666945130981673,
      0.6916025046602896,
      0.791488251060962,
      0.7571490076630474,
      0.8551712839387307,
      0.5887001677743483,
      0.8118352515763287,
      0.45123501286790313,
      0.7666945130981673,
      0.7893118153606511,
      0.569023994664783,
      0.7666945130981673,
      0.7519810344419302,
      0.9999999999999996,
      0.8118352515763287,
      0.5583002473017313,
      0.5575419193067319,
      0.7571490076630474,
      0.7666945130981673,
      0.7666945130981673,
      0.5919429646460893,
      0.7666945130981673,
      0.7666945130981673,
      0.7669956414004266,
      0.9999999999999996,
      0.7666945130981673,
      0.804767328366695,
      0.791488251060962,
      0.7806774341042204,
      0.7140190389673442,
      0.8551712839387307,
      0.7695012088652993,
      0.7869296519392275,
      0.8638749387507872,
      0.7666945130981673,
      0.8859874277379874,
      0.36625629213179983,
      0.7666945130981673,
      0.9999999999999996,
      0.7441576816691247,
      0.5720533944286672,
      0.48867503021443065,
      0.5803559446843229,
      0.7638171282270614,
      0.598602675673835
    ],
    [
      0.842302280926952,
      0.7097469328999353,
      0.5146200006742979,
      0.9,
      0.8970308534302385,
      0.8279633529683652,
      0.7666945130981673,
      1.0000000000000007,
      0.9,
      0.9,
      0.7292190297366198,
      0.9,
      0.7897294737507412,
      0.8546916994479972,
      0.9,
      0.7097469328999353,
      0.7748073951349448,
      0.7034541070740191,
      0.5153170937013005,
      0.701751631093595,
      0.5487259671332132,
      0.9,
      0.9,
      0.8048874660623806,
      0.6164331938681847,
      0.9,
      0.9,
      0.9,
      0.7097469328999353,
      0.5780054809489193,
      0.802645119959227,
      0.9,
      0.7729317994450464,
      0.9,
      0.9,
      0.802645119959227,
      0.842302280926952,
      0.8970308534302385,
      0.8254600028052674,
      0.842302280926952,
      0.6193051354862892,
      0.8170421506651999,
      0.7670791038796052,
      0.842302280926952,
      0.9,
      0.7725603191102342,
      0.7725603191102342,
      0.8001078279730431,
      0.8921953198094388,
      0.8011526202183401,
      0.802645119959227,
      0.7670791038796052,
      0.7097469328999353,
      0.9,
      0.9,
      0.9,
      0.6851075268984397,
      0.8409014685521126,
      0.7725603191102342,
      0.7729317994450464,
      0.5916286150858002,
      0.7670791038796052,
      0.4510256568134155,
      0.9,
      0.8546916994479972,
      0.5906107366917114,
      0.9,
      0.8254600028052674,
      0.7666945130981673,
      0.7670791038796052,
      0.5541031123451281,
      0.5610826453943758,
      0.7725603191102342,
      0.9,
      0.9,
      0.5910113437638875,
      0.9,
      0.9,
      0.8028269153490539,
      0.7666945130981673,
      0.9,
      0.7897294737507412,
      0.8409014685521126,
      0.802645119959227,
      0.7097469328999353,
      0.7729317994450464,
      0.7990023445586385,
      0.8048874660623806,
      0.8451383033503976,
      0.9,
      0.8970308534302385,
      0.3645634638829449,
      0.9,
      0.7666945130981673,
      0.7748073951349448,
      0.5674156599414515,
      0.4873385658651386,
      0.5841148836759325,
      0.8343997939250478,
      0.5997824337339117
    ],
    [
      0.842302280926952,
      0.7097469328999353,
      0.5146200006742979,
      0.9,
      0.8970308534302385,
      0.8279633529683652,
      0.7666945130981673,
      0.9,
      1.0000000000000007,
      0.9,
      0.7292190297366198,
      0.9,
      0.7897294737507412,
      0.8546916994479972,
      0.9,
      0.7097469328999353,
      0.7748073951349448,
      0.7034541070740191,
      0.5153170937013005,
      0.701751631093595,
      0.5487259671332132,
      0.9,
      0.9,
      0.8048874660623806,
      0.6164331938681847,
      0.9,
      0.9,
      0.9,
      0.7097469328999353,
      0.5780054809489193,
      0.802645119959227,
      0.9,
      0.7729317994450464,
      0.9,
      0.9,
      0.802645119959227,
      0.842302280926952,
      0.8970308534302385,
      0.8254600028052674,
      0.842302280926952,
      0.6193051354862892,
      0.8170421506651999,
      0.7670791038796052,
      0.842302280926952,
      0.9,
      0.7725603191102342,
      0.7725603191102342,
      0.8001078279730431,
      0.8921953198094388,
      0.8011526202183401,
      0.802645119959227,
      0.7670791038796052,
      0.7097469328999353,
      0.9,
      0.9,
      0.9,
      0.6851075268984397,
      0.8409014685521126,
      0.7725603191102342,
      0.7729317994450464,
      0.5916286150858002,
      0.7670791038796052,
      0.4510256568134155,
      0.9,
      0.8546916994479972,
      0.5906107366917114,
      0.9,
      0.8254600028052674,
      0.7666945130981673,
      0.7670791038796052,
      0.5541031123451281,
      0.5610826453943758,
      0.7725603191102342,
      0.9,
      0.9,
      0.5910113437638875,
      0.9,
      0.9,
      0.8028269153490539,
      0.7666945130981673,
      0.9,
      0.7897294737507412,
      0.8409014685521126,
      0.802645119959227,
      0.7097469328999353,
      0.7729317994450464,
      0.7990023445586385,
      0.8048874660623806,
      0.8451383033503976,
      0.9,
      0.8970308534302385,
      0.3645634638829449,
      0.9,
      0.7666945130981673,
      0.7748073951349448,
      0.5674156599414515,
      0.4873385658651386,
      0.5841148836759325,
      0.8343997939250478,
      0.5997824337339117
    ],
    [
      0.842302280926952,
      0.7097469328999353,
      0.5146200006742979,
      0.9,
      0.8970308534302385,
      0.8279633529683652,
      0.7666945130981673,
      0.9,
      0.9,
      1.0000000000000007,
      0.7292190297366198,
      0.9,
      0.7897294737507412,
      0.8546916994479972,
      0.9,
      0.7097469328999353,
      0.7748073951349448,
      0.7034541070740191,
      0.5153170937013005,
      0.701751631093595,
      0.5487259671332132,
      0.9,
      0.9,
      0.8048874660623806,
      0.6164331938681847,
      0.9,
      0.9,
      0.9,
      0.7097469328999353,
      0.5780054809489193,
      0.802645119959227,
      0.9,
      0.7729317994450464,
      0.9,
      0.9,
      0.802645119959227,
      0.842302280926952,
      0.8970308534302385,
      0.8254600028052674,
      0.842302280926952,
      0.6193051354862892,
      0.8170421506651999,
      0.7670791038796052,
      0.842302280926952,
      0.9,
      0.7725603191102342,
      0.7725603191102342,
      0.8001078279730431,
      0.8921953198094388,
      0.8011526202183401,
      0.802645119959227,
      0.7670791038796052,
      0.7097469328999353,
      0.9,
      0.9,
      0.9,
      0.6851075268984397,
      0.8409014685521126,
      0.7725603191102342,
      0.7729317994450464,
      0.5916286150858002,
      0.7670791038796052,
      0.4510256568134155,
      0.9,
      0.8546916994479972,
      0.5906107366917114,
      0.9,
      0.8254600028052674,
      0.7666945130981673,
      0.7670791038796052,
      0.5541031123451281,
      0.5610826453943758,
      0.7725603191102342,
      0.9,
      0.9,
      0.5910113437638875,
      0.9,
      0.9,
      0.8028269153490539,
      0.7666945130981673,
      0.9,
      0.7897294737507412,
      0.8409014685521126,
      0.802645119959227,
      0.7097469328999353,
      0.7729317994450464,
      0.7990023445586385,
      0.8048874660623806,
      0.8451383033503976,
      0.9,
      0.8970308534302385,
      0.3645634638829449,
      0.9,
      0.7666945130981673,
      0.7748073951349448,
      0.5674156599414515,
      0.4873385658651386,
      0.5841148836759325,
      0.8343997939250478,
      0.5997824337339117
    ],
    [
      0.7305303148702628,
      0.7038860419826236,
      0.41053890634075574,
      0.7292190297366198,
      0.7122030928554793,
      0.7284804247033372,
      0.7455103715280866,
      0.7292190297366198,
      0.7292190297366198,
      0.7292190297366198,
      1.0000000000000002,
      0.7292190297366198,
      0.7424046154999219,
      0.73912798097415,
      0.7292190297366198,
      0.7038860419826236,
      0.7317999294184006,
      0.8158758917944393,
      0.44891020777581614,
      0.6031343365954798,
      0.47585333484339404,
      0.7292190297366198,
      0.7292190297366198,
      0.728467047206534,
      0.4953624049779187,
      0.7292190297366198,
      0.7292190297366198,
      0.7292190297366198,
      0.7038860419826236,
      0.5391423844978502,
      0.7381236900484376,
      0.7292190297366198,
      0.7428269419722462,
      0.7292190297366198,
      0.7292190297366198,
      0.7381236900484376,
      0.7305303148702628,
      0.7122030928554793,
      0.7315533404502593,
      0.7305303148702628,
      0.5578764870164059,
      0.737018196108492,
      0.7368360676421049,
      0.7305303148702628,
      0.7292190297366198,
      0.7128304078956947,
      0.7128304078956947,
      0.7433914922178377,
      0.7064973344178836,
      0.7447137312813958,
      0.7381236900484376,
      0.7368360676421049,
      0.7038860419826236,
      0.7292190297366198,
      0.7292190297366198,
      0.7292190297366198,
      0.5888869848817615,
      0.7289966526036395,
      0.7128304078956947,
      0.7428269419722462,
      0.5527065567175236,
      0.7368360676421049,
      0.3525049078977602,
      0.7292190297366198,
      0.73912798097415,
      0.4750905674092262,
      0.7292190297366198,
      0.7315533404502593,
      0.7455103715280866,
      0.7368360676421049,
      0.4984035093735128,
      0.47125100821281035,
      0.7128304078956947,
      0.7292190297366198,
      0.7292190297366198,
      0.5435885729511333,
      0.7292190297366198,
      0.7292190297366198,
      0.728936618685544,
      0.7455103715280866,
      0.7292190297366198,
      0.7424046154999219,
      0.7289966526036395,
      0.7381236900484376,
      0.7038860419826236,
      0.7428269419722462,
      0.7407099621387053,
      0.728467047206534,
      0.7078157351949649,
      0.7292190297366198,
      0.7122030928554793,
      0.28270389438119575,
      0.7292190297366198,
      0.7455103715280866,
      0.7317999294184006,
      0.5216405866824287,
      0.44018128335833145,
      0.47119093164264775,
      0.7369461459329103,
      0.5398806168153477
    ],
    [
      0.842302280926952,
      0.7097469328999353,
      0.5146200006742979,
      0.9,
      0.8970308534302385,
      0.8279633529683652,
      0.7666945130981673,
      0.9,
      0.9,
      0.9,
      0.7292190297366198,
      1.0000000000000007,
      0.7897294737507412,
      0.8546916994479972,
      0.9,
      0.7097469328999353,
      0.7748073951349448,
      0.7034541070740191,
      0.5153170937013005,
      0.701751631093595,
      0.5487259671332132,
      0.9,
      0.9,
      0.8048874660623806,
      0.6164331938681847,
      0.9,
      0.9,
      0.9,
      0.7097469328999353,
      0.5780054809489193,
      0.802645119959227,
      0.9,
      0.7729317994450464,
      0.9,
      0.9,
      0.802645119959227,
      0.842302280926952,
      0.8970308534302385,
      0.8254600028052674,
      0.842302280926952,
      0.6193051354862892,
      0.8170421506651999,
      0.7670791038796052,
      0.842302280926952,
      0.9,
      0.7725603191102342,
      0.7725603191102342,
      0.8001078279730431,
      0.8921953198094388,
      0.8011526202183401,
      0.802645119959227,
      0.7670791038796052,
      0.7097469328999353,
      0.9,
      0.9,
      0.9,
      0.6851075268984397,
      0.8409014685521126,
      0.7725603191102342,
      0.7729317994450464,
      0.5916286150858002,
      0.7670791038796052,
      0.4510256568134155,
      0.9,
      0.8546916994479972,
      0.5906107366917114,
      0.9,
      0.8254600028052674,
      0.7666945130981673,
      0.7670791038796052,
      0.5541031123451281,
      0.5610826453943758,
      0.7725603191102342,
      0.9,
      0.9,
      0.5910113437638875,
      0.9,
      0.9,
      0.8028269153490539,
      0.7666945130981673,
      0.9,
      0.7897294737507412,
      0.8409014685521126,
      0.802645119959227,
      0.7097469328999353,
      0.7729317994450464,
      0.7990023445586385,
      0.8048874660623806,
      0.8451383033503976,
      0.9,
      0.8970308534302385,
      0.3645634638829449,
      0.9,
      0.7666945130981673,
      0.7748073951349448,
      0.5674156599414515,
      0.4873385658651386,
      0.5841148836759325,
      0.8343997939250478,
      0.5997824337339117
    ],
    [
      0.8011084171613985,
      0.8777337190457609,
      0.5233074932363515,
      0.7897294737507412,
      0.886833702086979,
      0.792135112132895,
      0.804767328366695,
      0.7897294737507412,
      0.7897294737507412,
      0.7897294737507412,
      0.7424046154999219,
      0.7897294737507412,
      1.0000000000000002,
      0.8046144506356909,
      0.7897294737507412,
      0.8777337190457609,
      0.8323954307049801,
      0.7017813295128836,
      0.526878691201716,
      0.7145168661993158,
      0.5619677510842326,
      0.7897294737507412,
      0.7897294737507412,
      0.7756344921020242,
      0.6383818762324744,
      0.7897294737507412,
      0.7897294737507412,
      0.7897294737507412,
      0.8777337190457609,
      0.5940941703877336,
      0.8518973427529575,
      0.7897294737507412,
      0.8291608798921626,
      0.7897294737507412,
      0.7897294737507412,
      0.8518973427529575,
      0.8011084171613985,
      0.886833702086979,
      0.7825868767613011,
      0.8011084171613985,
      0.6341073387951872,
      0.8069525736766234,
      0.8463139440985477,
      0.8011084171613985,
      0.7897294737507412,
      0.7150630113876462,
      0.7150630113876462,
      0.8745766549767788,
      0.8833093344729434,
      0.8471376839691565,
      0.8518973427529575,
      0.8463139440985477,
      0.8777337190457609,
      0.7897294737507412,
      0.7897294737507412,
      0.7897294737507412,
      0.698637780743242,
      0.7967000685460897,
      0.7150630113876462,
      0.8291608798921626,
      0.6049573586245365,
      0.8463139440985477,
      0.4610374107536678,
      0.7897294737507412,
      0.8046144506356909,
      0.5950814866111069,
      0.7897294737507412,
      0.7825868767613011,
      0.804767328366695,
      0.8463139440985477,
      0.5657680036487688,
      0.5795658799995826,
      0.7150630113876462,
      0.7897294737507412,
      0.7897294737507412,
      0.605757884519967,
      0.7897294737507412,
      0.7897294737507412,
      0.7999645825640298,
      0.804767328366695,
      0.7897294737507412,
      0.9,
      0.7967000685460897,
      0.8518973427529575,
      0.8777337190457609,
      0.8291608798921626,
      0.7932466728145977,
      0.7756344921020242,
      0.8445851318645485,
      0.7897294737507412,
      0.886833702086979,
      0.37245482723854606,
      0.7897294737507412,
      0.804767328366695,
      0.8323954307049801,
      0.5756388372433734,
      0.4932185734080358,
      0.6014203341889588,
      0.7995067377938276,
      0.6060908131157975
    ],
    [
      0.8335605378475004,
      0.7052843641047559,
      0.5125702367990255,
      0.8546916994479972,
      0.7232094585312394,
      0.8144485275560829,
      0.7893118153606511,
      0.8546916994479972,
      0.8546916994479972,
      0.8546916994479972,
      0.73912798097415,
      0.8546916994479972,
      0.8046144506356909,
      1.0,
      0.8546916994479972,
      0.7052843641047559,
      0.7748282348956619,
      0.7130770866207217,
      0.525949975498513,
      0.702989079411529,
      0.551696390084953,
      0.8546916994479972,
      0.8546916994479972,
      0.828632192974567,
      0.6228244888264235,
      0.8546916994479972,
      0.8546916994479972,
      0.8546916994479972,
      0.7052843641047559,
      0.5786411606495487,
      0.8002051969934036,
      0.8546916994479972,
      0.7819601828816158,
      0.8546916994479972,
      0.8546916994479972,
      0.8002051969934036,
      0.8335605378475004,
      0.7232094585312394,
      0.81625782909585,
      0.8335605378475004,
      0.6205528971648866,
      0.8409989078702966,
      0.7773851140069112,
      0.8335605378475004,
      0.8546916994479972,
      0.7575316756227433,
      0.7575316756227433,
      0.8160112834319291,
      0.7051725930088146,
      0.8081108123353062,
      0.8002051969934036,
      0.7773851140069112,
      0.7052843641047559,
      0.8546916994479972,
      0.8546916994479972,
      0.8546916994479972,
      0.6865906866299718,
      0.8452798268373944,
      0.7575316756227433,
      0.7819601828816158,
      0.5926660887917222,
      0.7773851140069112,
      0.4529961820184871,
      0.8546916994479972,
      0.9,
      0.5920652422173508,
      0.8546916994479972,
      0.81625782909585,
      0.7893118153606511,
      0.7773851140069112,
      0.562616150596122,
      0.5664428517445005,
      0.7575316756227433,
      0.8546916994479972,
      0.8546916994479972,
      0.5926361904761385,
      0.8546916994479972,
      0.8546916994479972,
      0.8193379237287464,
      0.7893118153606511,
      0.8546916994479972,
      0.8046144506356909,
      0.8452798268373944,
      0.8002051969934036,
      0.7052843641047559,
      0.7819601828816158,
      0.8304375597676683,
      0.828632192974567,
      0.8665536826743077,
      0.8546916994479972,
      0.7232094585312394,
      0.366363098472265,
      0.8546916994479972,
      0.7893118153606511,
      0.7748282348956619,
      0.5678019856242004,
      0.4921028303227452,
      0.590327479612163,
      0.8380397662862304,
      0.5997082979362225
    ],
    [
      0.842302280926952,
      0.7097469328999353,
      0.5146200006742979,
      0.9,
      0.8970308534302385,
      0.8279633529683652,
      0.7666945130981673,
      0.9,
      0.9,
      0.9,
      0.7292190297366198,
      0.9,
      0.7897294737507412,
      0.8546916994479972,
      1.0000000000000007,
      0.7097469328999353,
      0.7748073951349448,
      0.7034541070740191,
      0.5153170937013005,
      0.701751631093595,
      0.5487259671332132,
      0.9,
      0.9,
      0.8048874660623806,
      0.6164331938681847,
      0.9,
      0.9,
      0.9,
      0.7097469328999353,
      0.5780054809489193,
      0.802645119959227,
      0.9,
      0.7729317994450464,
      0.9,
      0.9,
      0.802645119959227,
      0.842302280926952,
      0.8970308534302385,
      0.8254600028052674,
      0.842302280926952,
      0.6193051354862892,
      0.8170421506651999,
      0.7670791038796052,
      0.842302280926952,
      0.9,
      0.7725603191102342,
      0.7725603191102342,
      0.8001078279730431,
      0.8921953198094388,
      0.8011526202183401,
      0.802645119959227,
      0.7670791038796052,
      0.7097469328999353,
      0.9,
      0.9,
      0.9,
      0.6851075268984397,
      0.8409014685521126,
      0.7725603191102342,
      0.7729317994450464,
      0.5916286150858002,
      0.7670791038796052,
      0.4510256568134155,
      0.9,
      0.8546916994479972,
      0.5906107366917114,
      0.9,
      0.8254600028052674,
      0.7666945130981673,
      0.7670791038796052,
      0.5541031123451281,
      0.5610826453943758,
      0.7725603191102342,
      0.9,
      0.9,
      0.5910113437638875,
      0.9,
      0.9,
      0.8028269153490539,
      0.7666945130981673,
      0.9,
      0.7897294737507412,
      0.8409014685521126,
      0.802645119959227,
      0.7097469328999353,
      0.7729317994450464,
      0.7990023445586385,
      0.8048874660623806,
      0.8451383033503976,
      0.9,
      0.8970308534302385,
      0.3645634638829449,
      0.9,
      0.7666945130981673,
      0.7748073951349448,
      0.5674156599414515,
      0.4873385658651386,
      0.5841148836759325,
      0.8343997939250478,
      0.5997824337339117
    ],
    [
      0.8728700601912387,
      0.9,
      0.49197643969644794,
      0.7097469328999353,
      0.8251552941129638,
      0.8631816365731253,
      0.7140190389673442,
      0.7097469328999353,
      0.7097469328999353,
      0.7097469328999353,
      0.7038860419826236,
      0.7097469328999353,
      0.8777337190457609,
      0.7052843641047559,
      0.7097469328999353,
      1.0,
      0.8474581480991723,
      0.6872934006631655,
      0.5082900792618087,
      0.6743521192177973,
      0.5194002972993346,
      0.7097469328999353,
      0.7097469328999353,
      0.7609285692129157,
      0.575522132846165,
      0.7097469328999353,
      0.7097469328999353,
      0.7097469328999353,
      0.9,
      0.5537544546015645,
      0.8743605026550157,
      0.7097469328999353,
      0.7015644016184539,
      0.7097469328999353,
      0.7097469328999353,
      0.8743605026550157,
      0.8728700601912387,
      0.8251552941129638,
      0.8630630457505726,
      0.8728700601912387,
      0.5991314038678147,
      0.8675571017777024,
      0.8919858687706461,
      0.8728700601912387,
      0.7097469328999353,
      0.8281830871549511,
      0.8281830871549511,
      0.8754132928051938,
      0.8072670170052362,
      0.8911874792223448,
      0.8743605026550157,
      0.8919858687706461,
      0.9,
      0.7097469328999353,
      0.7097469328999353,
      0.7097469328999353,
      0.6570758708025295,
      0.7406001281823167,
      0.8281830871549511,
      0.7015644016184539,
      0.5590432098510286,
      0.8919858687706461,
      0.44066754273138875,
      0.7097469328999353,
      0.7052843641047559,
      0.5447864391014358,
      0.7097469328999353,
      0.8630630457505726,
      0.7140190389673442,
      0.8919858687706461,
      0.5521816405254374,
      0.531714771364266,
      0.8281830871549511,
      0.7097469328999353,
      0.7097469328999353,
      0.5626684948383953,
      0.7097469328999353,
      0.7097469328999353,
      0.8765369465613227,
      0.7140190389673442,
      0.7097469328999353,
      0.8777337190457609,
      0.7406001281823167,
      0.8743605026550157,
      0.9,
      0.7015644016184539,
      0.858973869296155,
      0.7609285692129157,
      0.8602686576616623,
      0.7097469328999353,
      0.8251552941129638,
      0.36786070212064204,
      0.7097469328999353,
      0.7140190389673442,
      0.8474581480991723,
      0.5620061837694552,
      0.47320706082897246,
      0.5481675124088589,
      0.8682983261851025,
      0.5805948917293604
    ],
    [
      0.8183521826032467,
      0.8474581480991723,
      0.5240683698736631,
      0.7748073951349448,
      0.876189367417971,
      0.8154071714914319,
      0.7441576816691247,
      0.7748073951349448,
      0.7748073951349448,
      0.7748073951349448,
      0.7317999294184006,
      0.7748073951349448,
      0.8323954307049801,
      0.7748282348956619,
      0.7748073951349448,
      0.8474581480991723,
      1.0,
      0.6889187157042704,
      0.5210409575853159,
      0.7120408639778737,
      0.5640347089046267,
      0.7748073951349448,
      0.7748073951349448,
      0.7267744714801605,
      0.6455183053758436,
      0.7748073951349448,
      0.7748073951349448,
      0.7748073951349448,
      0.8474581480991723,
      0.592088316499319,
      0.8470464395926545,
      0.7748073951349448,
      0.7712690404057732,
      0.7748073951349448,
      0.7748073951349448,
