{
  "feature": "total_score",
  "matrix": [
    [
      1.0,
      0.6644207725689947,
      0.5980023853011135,
      0.6506837299932857,
      0.6040397131215705,
      0.6741000840833006,
      0.6983992308027379,
      0.6383273925440283,
      0.6665004588103054,
      0.6786391535629321,
      0.6881269359645455,
      0.6291528112118744,
      0.6792890480174402,
      0.6080686433559092,
      0.6034332578673632,
      0.6915239647191235,
      0.6623978071220933,
      0.663788787396403,
      0.5970594084585792,
      0.6500165201046653,
      0.6094817358217565,
      0.7228666182750878,
      0.6597395365031181,
      0.6076881954360405,
      0.6936270120354414,
      0.66810134248982,
      0.6912622610452678,
      0.6854245378925606,
      0.6502064348059091,
      0.6386501963320457,
      0.7040723082536736,
      0.6745307099717593,
      0.6792204619671475,
      0.6324879726655032,
      0.6699625477742689,
      0.5737361270066005,
      0.6603019009614438,
      0.6390473844437478,
      0.6791159247997794,
      0.6988303110292352,
      0.5732510698091955,
      0.6800136885315515,
      0.6569175820609995,
      0.6659753595303426,
      0.692649620473284,
      0.715195186400149,
      0.5860733092189063,
      0.6110027655743785,
      0.680617997268263,
      0.5957053874656429,
      0.6658242917889593,
      0.6861187347510235,
      0.692937830635764,
      0.5676346123792116,
      0.6232912968899269,
      0.6548620248352129,
      0.6760539228555912,
      0.6755332711199992,
      0.6410912482366226,
      0.5964587098915165,
      0.6170680452846881,
      0.6584525518742222,
      0.5632887116721953,
      0.662949707282355,
      0.6882033920635395,
      0.5825787630255195,
      0.5953874878214497,
      0.6153833738451387,
      0.6306732669912299,
      0.66098586206324,
      0.6053199395465892,
      0.6133009633362174,
      0.652750730587288,
      0.6686401997842845,
      0.6432269092578626,
      0.6177183291095816,
      0.6847070486463479,
      0.6872988955516198,
      0.6980584165032204,
      0.6517047343737704,
      0.6782538262828313,
      0.6374857948221818,
      0.6395924870706605,
      0.6583688313720298,
      0.6963643790609971,
      0.6580893175814763,
      0.6648379044326823,
      0.6661451004945333,
      0.6500000264188514,
      0.6398716617966842,
      0.6264771555093551,
      0.628457654161486,
      0.6728321174204698,
      0.6780017098825444,
      0.6033395840764962,
      0.5791951935971168,
      0.5675241123018369,
      0.6952327216394895,
      0.6517831486051736,
      0.5901297946691079
    ],
    [
      0.6644207725689947,
      0.9999999999999999,
      0.6610079627271496,
      0.7351390213944397,
      0.7734538255054977,
      0.7053279918103234,
      0.7051837722395229,
      0.6787611271651174,
      0.7793488932171083,
      0.7881046342514194,
      0.7349847122696057,
      0.7132760364911418,
      0.7265942632501557,
      0.7047158944802172,
      0.6453126069118923,
      0.8030292758943945,
      0.8126524785954596,
      0.7350985202097049,
      0.6928672868448645,
      0.6654782663072859,
      0.6807918972680179,
      0.7616724592279726,
      0.7242748906686797,
      0.6466585759508171,
      0.6768400503016765,
      0.7639061989172533,
      0.7519378172475563,
      0.815270133006516,
      0.8212440087286544,
      0.628865258129379,
      0.7612281380825582,
      0.7976298635921418,
      0.7003007870476621,
      0.6826870456529553,
      0.8223183188357123,
      0.6434278706412232,
      0.7898304141040949,
      0.6861597069224722,
      0.772170265827774,
      0.8284132950325277,
      0.5818817228637673,
      0.8178542289864018,
      0.7164466253285383,
      0.7656836412174468,
      0.8088158913257854,
      0.7155580666495833,
      0.7183975252084999,
      0.6643241911184465,
      0.8240078707248042,
      0.6285629405896621,
      0.8250596580575963,
      0.7560996532396635,
      0.8585809159189681,
      0.687016901017195,
      0.67961454096246,
      0.720102128205082,
      0.7288345461423611,
      0.7827927439981192,
      0.7826523117150977,
      0.6347689903994124,
      0.6882155710468209,
      0.7022279749276671,
      0.6555916997485058,
      0.7275844387895608,
      0.7949616268368228,
      0.6161169257023953,
      0.6963809134497846,
      0.7348410357815508,
      0.6715204341109119,
      0.7097089270429038,
      0.7452807365549857,
      0.7133898708312297,
      0.8142678704351846,
      0.7927091368462276,
      0.7528170213142369,
      0.7048506558746799,
      0.7438515823306245,
      0.7839522588625932,
      0.7331696514731707,
      0.6664802162352638,
      0.7767377347940422,
      0.6924071497714436,
      0.7632219726567984,
      0.8293775895565586,
      0.8154498685983587,
      0.6794657997636735,
      0.6784343676575736,
      0.8056360164356121,
      0.7067511358664715,
      0.7199369707804454,
      0.7903106472978402,
      0.6136785731030879,
      0.7698233537567584,
      0.6965200154398811,
      0.7291195429673497,
      0.6536603435808855,
      0.6924250245750483,
      0.682280994665469,
      0.7668607188126092,
      0.6726930476157592
    ],
    [
      0.5980023853011135,
      0.6610079627271496,
      1.0,
      0.6364356632027873,
      0.6117415009901578,
      0.6452396874270786,
      0.6367166797840547,
      0.6488234349456198,
      0.6742839102529695,
      0.661472263040025,
      0.6548700696551446,
      0.581001693351369,
      0.6578356465762155,
      0.5762653628143832,
      0.6143989440215051,
      0.6741418151085193,
      0.6573778180141746,
      0.642776822939276,
      0.6217132084877172,
      0.6512029084099091,
      0.7115334070170417,
      0.679566711678422,
      0.6683891944464722,
      0.5989246823326168,
      0.6515818990787395,
      0.6625985022489087,
      0.651592000106595,
      0.668742796055584,
      0.6611594043134206,
      0.658433892325686,
      0.7141301129396136,
      0.6667291161467418,
      0.6706352210686021,
      0.6504337071064797,
      0.6837105484388454,
      0.6564749059727235,
      0.6765795387348678,
      0.6429893843179805,
      0.7206890950720384,
      0.680045395307027,
      0.6355547687941673,
      0.6757572856062518,
      0.6359660836919383,
      0.6557152326224734,
      0.6717017752106722,
      0.6323711940082372,
      0.5665327193900579,
      0.6173373827978202,
      0.7009930863121618,
      0.6063093119424662,
      0.6798586961968377,
      0.6702873970605664,
      0.6836427469302903,
      0.5780176585477484,
      0.6127111773721442,
      0.6267776231711152,
      0.6876220472239406,
      0.6466928290860956,
      0.6480335910363153,
      0.5984512789148749,
      0.6719181086588885,
      0.6666519927350197,
      0.620452470308773,
      0.6651504960966078,
      0.6663605359071516,
      0.7827796465471503,
      0.5878143882644032,
      0.5968451407164913,
      0.6308920460821364,
      0.6383189697471993,
      0.6434548648195705,
      0.6601779287812705,
      0.6726710898270567,
      0.6815262835548991,
      0.6176669123818007,
      0.6863034189336621,
      0.6933600341830332,
      0.6512315027269363,
      0.6899808855309577,
      0.5933359427516354,
      0.6463408426169224,
      0.6505389184773412,
      0.6669860367507048,
      0.7000415847176252,
      0.6438929713380604,
      0.6526232075845818,
      0.6693845141909401,
      0.6746795890114147,
      0.6496104272007673,
      0.683547609194382,
      0.6539750318268289,
      0.6317547341327039,
      0.6795107886758066,
      0.6520710504688844,
      0.6149330002827317,
      0.6219484597945012,
      0.5881347459876857,
      0.6599951021612591,
      0.6551233515399876,
      0.6224235836192727
    ],
    [
      0.6506837299932857,
      0.7351390213944397,
      0.6364356632027873,
      1.0000000000000002,
      0.7577036379130676,
      0.6604817888137825,
      0.7085482223634659,
      0.6428882820409652,
      0.7821928557410401,
      0.7973971400985825,
      0.697844931574429,
      0.7426020273109644,
      0.6697751988632531,
      0.7250167138647052,
      0.6573100389628702,
      0.7845444990317284,
      0.7496393464342938,
      0.6913345652642194,
      0.6861217696632128,
      0.6141978054763952,
      0.6385937814629364,
      0.7512807510163091,
      0.756664052269656,
      0.6002601201864762,
      0.6524596886275601,
      0.79600407595616,
      0.7679064038400437,
      0.8072168966934181,
      0.7575964302569664,
      0.6141722506475661,
      0.6885610820860456,
      0.7651967304074265,
      0.6455936760644778,
      0.6653581656191286,
      0.7925949421401889,
      0.6372777594383966,
      0.7234262841841015,
      0.6475623561584373,
      0.6923054871245239,
      0.7948592825209545,
      0.5495013913987749,
      0.8070579020299302,
      0.6559384486518091,
      0.7500781506478257,
      0.7915488940108967,
      0.6967923977490226,
      0.7001237662742374,
      0.6067487226758951,
      0.7949835708087473,
      0.6017820273155469,
      0.7568254097055824,
      0.6831252604159959,
      0.7747127673691363,
      0.6800477597944784,
      0.7026857861551848,
      0.7677158474641188,
      0.6744778908736134,
      0.7955902628358843,
      0.7438205626376576,
      0.5902457710015381,
      0.6650460401338777,
      0.6833251021971823,
      0.600107007991033,
      0.7567535888006268,
      0.7732676300375556,
      0.6024456455543417,
      0.8035634527443068,
      0.7208673318513124,
      0.6255127951709136,
      0.6352561320511829,
      0.7193250670673703,
      0.6939668903109507,
      0.7626076990082643,
      0.8292929135465131,
      0.7598834597981677,
      0.6582224854155633,
      0.7720008915470092,
      0.8057473438474992,
      0.6783442465084457,
      0.6989373887345002,
      0.7966792739340716,
      0.6223435733378789,
      0.7649267949387303,
      0.8010793857688331,
      0.7844572852831405,
      0.624408865094464,
      0.6495940163956991,
      0.7854297619735618,
      0.6870407354233775,
      0.6868024150492781,
      0.7771312450612293,
      0.5706701159375362,
      0.8162189344125718,
      0.65658405721816,
      0.7087132586620492,
      0.581971381603895,
      0.6601556303016658,
      0.6442194115211707,
      0.7375307909709234,
      0.6600072539970693
    ],
    [
      0.6040397131215705,
      0.7734538255054977,
      0.6117415009901578,
      0.7577036379130676,
      1.0,
      0.678234035217916,
      0.7368651930928443,
      0.6634914141798403,
      0.7880226287956562,
      0.8035756454009046,
      0.6957407458437572,
      0.7486248658144273,
      0.7300835200889823,
      0.7028705141764876,
      0.6646215007494427,
      0.8098561822760305,
      0.774091572394449,
      0.6949653277161622,
      0.6722419452546475,
      0.6497490460982474,
      0.6342184133148777,
      0.739308226286731,
      0.7666174941860201,
      0.6264435507071566,
      0.6602038759754633,
      0.7835905399644617,
      0.7576826200913476,
      0.8119282154680318,
      0.7392510694356152,
      0.6175604368426685,
      0.7154566736233473,
      0.7663851280043597,
      0.6855627919317974,
      0.665016946695608,
      0.7862101919755125,
      0.6497639308307402,
      0.7074540368209933,
      0.6777536693609676,
      0.6798692510780553,
      0.7421245888247805,
      0.5709288826455743,
      0.7596779003210248,
      0.710423831467882,
      0.7219633531502669,
      0.7723010630071706,
      0.7021695415247796,
      0.7099996397383248,
      0.6221357716549272,
      0.7638776931099917,
      0.624357054424412,
      0.7735414050531365,
      0.7200741458570792,
      0.7594899805179703,
      0.7362589377393354,
      0.6968087988448821,
      0.7516438823631871,
      0.6852673100383572,
      0.8020206128336711,
      0.7579619777131824,
      0.6503317961241861,
      0.6699060837084904,
      0.7242441323044336,
      0.615197713292558,
      0.7476195328369176,
      0.7480206491434985,
      0.6151341807606062,
      0.7273596901651006,
      0.686356290213343,
      0.69851290036897,
      0.6925230441172032,
      0.7180400394055099,
      0.7003081337329154,
      0.7883131307099865,
      0.7712815814254532,
      0.7828999992324381,
      0.6907673022858952,
      0.7922624377874675,
      0.7997331335099785,
      0.6820598279643276,
      0.6445960938908438,
      0.8143526407207223,
      0.6791615969003603,
      0.7525959395199865,
      0.8011225480443085,
      0.8106957907215898,
      0.6708585312107685,
      0.6905096031211212,
      0.7753960997649223,
      0.6893737900647712,
      0.710209813247988,
      0.8016692279025857,
      0.5833175573417555,
      0.8024071444300273,
      0.7053906390529449,
      0.7118994738239642,
      0.5875514874856823,
      0.6738106133476028,
      0.6380224172226379,
      0.7373668515769273,
      0.6933360994868688
    ],
    [
      0.6741000840833006,
      0.7053279918103234,
      0.6452396874270786,
      0.6604817888137825,
      0.678234035217916,
      1.0,
      0.7447202141984626,
      0.8656959892518352,
      0.7136902523680698,
      0.6941584624475028,
      0.7691275541296788,
      0.6713457606244463,
      0.805175308706101,
      0.6765969894438917,
      0.6588671724899023,
      0.7082780233123597,
      0.7244148077944264,
      0.7628919635278497,
      0.6482363838207205,
      0.7511338014529997,
      0.6424548065029249,
      0.7644228865989052,
      0.7134416468808092,
      0.7502803516605839,
      0.706759997660325,
      0.7190154970362773,
      0.7153736137688488,
      0.7362951997173389,
      0.7345804760143344,
      0.718582490482245,
      0.6662485385812699,
      0.713997986609268,
      0.7349816483862766,
      0.7314562308378655,
      0.7345300949966057,
      0.639463191869488,
      0.728866947405676,
      0.7557327675193064,
      0.7297094360822934,
      0.7364558380030936,
      0.6275309855973703,
      0.7087880425585008,
      0.7889231648704613,
      0.7148744553023428,
      0.7414008200112839,
      0.7043430530344971,
      0.6128972757423762,
      0.745276922794555,
      0.6950754000743178,
      0.598459673068764,
      0.734838204767927,
      0.7891121566150595,
      0.7035940465818111,
      0.6519452026204569,
      0.6449588208528496,
      0.6881957993322381,
      0.7181010740545272,
      0.705201901285697,
      0.7190292218734641,
      0.7499068598101409,
      0.6514001546115882,
      0.7899629494361612,
      0.6387321952564674,
      0.6878455853796998,
      0.7383036170558621,
      0.6423610843850304,
      0.661895774461268,
      0.6797570439050125,
      0.7627675020687087,
      0.7523727573934708,
      0.6893368979898254,
      0.6996066398237794,
      0.6669827455075908,
      0.7329543341540926,
      0.7133866361619168,
      0.6689244574611418,
      0.7319588826739568,
      0.6924333530003536,
      0.7874044214262838,
      0.6547239479997492,
      0.6937405621961364,
      0.8267915415417125,
      0.751055301070637,
      0.7059925685834693,
      0.721074421698927,
      0.7830031315508529,
      0.7320475986603845,
      0.6867501523569352,
      0.7400244278745326,
      0.6857382858063396,
      0.7070701456473212,
      0.57987079401638,
      0.728746119468374,
      0.7648077602490296,
      0.6536859477276032,
      0.7015762041341548,
      0.639004349844443,
      0.662067060471894,
      0.7263601835935364,
      0.7039190854798014
    ],
    [
      0.6983992308027379,
      0.7051837722395229,
      0.6367166797840547,
      0.7085482223634659,
      0.7368651930928443,
      0.7447202141984626,
      0.9999999999999999,
      0.7254178050698541,
      0.7420464976108999,
      0.7222939979785085,
      0.7911502203527366,
      0.687096439937647,
      0.8069769496985097,
      0.686041265162621,
      0.6878789196698866,
      0.7662061215854011,
      0.7473589431469704,
      0.8266756620623106,
      0.7405286564475929,
      0.7344556982151206,
      0.6935967582826325,
      0.8029224105826319,
      0.7403260263819355,
      0.7096956737921288,
      0.7390923973568172,
      0.7283255239595198,
      0.7420929313458915,
      0.7676893896808105,
      0.7036364665360865,
      0.7003361414308774,
      0.7373330202337254,
      0.7470743037076343,
      0.7894225707255479,
      0.6949573956427139,
      0.7652942675728666,
      0.681226706383567,
      0.7343383426947753,
      0.7349839433179088,
      0.7512455695508002,
      0.7369145761441408,
      0.6427694716031822,
      0.7367305735489001,
      0.8396712446145119,
      0.7129615559901179,
      0.7415124923505337,
      0.8229986807271107,
      0.654374017831998,
      0.7263819427071029,
      0.7466849614194908,
      0.6444252345517714,
      0.7262125321779025,
      0.8131309474857152,
      0.725351460092369,
      0.6354669025672169,
      0.6830008577908587,
      0.6770716874836014,
      0.7558382249146188,
      0.7815016914616221,
      0.7202824323241518,
      0.7340277795318192,
      0.6822975454237762,
      0.8338419926045803,
      0.6114806724203977,
      0.7264688709691077,
      0.7411025789962705,
      0.6440221365924924,
      0.6651858091800031,
      0.6980854702646768,
      0.7878112391089444,
      0.7998592575445246,
      0.6896285727272642,
      0.6834441735946565,
      0.7336736929088081,
      0.72458045637591,
      0.7302685452773329,
      0.7408077890698204,
      0.7707798537836035,
      0.7311486729999416,
      0.7912454178082551,
      0.8111416802906231,
      0.7508737353921604,
      0.7532406769808894,
      0.7071191840819563,
      0.7387591780312075,
      0.7538458440352813,
      0.787337966528083,
      0.7363171911660324,
      0.7186691877400494,
      0.7743045120890594,
      0.6964879353960187,
      0.7671525808997561,
      0.6187688959322042,
      0.7579586082471366,
      0.852078276171189,
      0.6506177450676894,
      0.6949602570913357,
      0.6172209381582202,
      0.7298501469847372,
      0.7017900426324276,
      0.7071814356392095
    ],
    [
      0.6383273925440283,
      0.6787611271651174,
      0.6488234349456198,
      0.6428882820409652,
      0.6634914141798403,
      0.8656959892518352,
      0.7254178050698541,
      1.0000000000000004,
      0.6869484816270687,
      0.6983174534146922,
      0.7531832749095603,
      0.6332387257204842,
      0.7672844284521347,
      0.6337541797452556,
      0.6565986002124313,
      0.6490466906978781,
      0.6911363105002458,
      0.7413999218916058,
      0.6508209555671048,
      0.7153073655121638,
      0.6563396787188148,
      0.7348983844056431,
      0.6720091417408195,
      0.7525859823347258,
      0.6716277548765311,
      0.6924073528372244,
      0.6954600047472094,
      0.71750749983567,
      0.6738165268719029,
      0.7004144774478595,
      0.6883632788154671,
      0.7154958902586276,
      0.7641079713015774,
      0.7252057163230422,
      0.7289476515026574,
      0.5744556868570566,
      0.708822404803016,
      0.7704249759063391,
      0.7107269589919403,
      0.6882088955640403,
      0.6478716155145844,
      0.669482026012728,
      0.7578900227905258,
      0.6948876965041785,
      0.7210784413010108,
      0.7148807908236546,
      0.593774562790424,
      0.7666699892131962,
      0.7143408169640019,
      0.558813903537022,
      0.7038008951435075,
      0.7477291281753543,
      0.6715731850698612,
      0.6328770640905667,
      0.6567962018031835,
      0.6442458295113687,
      0.713183563196468,
      0.6756686993595795,
      0.663698343129222,
      0.780973378787272,
      0.6310881521403037,
      0.7696892720803299,
      0.6380155814266179,
      0.6695940726727504,
      0.7102683911912484,
      0.6613713080618361,
      0.66494170548873,
      0.644140910046412,
      0.8103963403502571,
      0.735149856297693,
      0.6595762378442436,
      0.6312631185187617,
      0.6652508200169734,
      0.6997700244839954,
      0.6764469976188644,
      0.6587335118898225,
      0.7029416125521376,
      0.6938430663360586,
      0.7700952170543802,
      0.6771667386244534,
      0.6785529241592324,
      0.8337319044756987,
      0.7094086039705846,
      0.6959924264974909,
      0.6623042587768252,
      0.8097391041615877,
      0.6963434472549889,
      0.6776984700913316,
      0.7255554337192978,
      0.7124520346925074,
      0.7196714656499422,
      0.6037989558373663,
      0.691643803209386,
      0.75112206085905,
      0.614326262962544,
      0.6925379136715581,
      0.5992104408683275,
      0.6530310027775565,
      0.683952259197671,
      0.6518289783458723
    ],
    [
      0.6665004588103054,
      0.7793488932171083,
      0.6742839102529695,
      0.7821928557410401,
      0.7880226287956562,
      0.7136902523680698,
      0.7420464976108999,
      0.6869484816270687,
      1.0000000000000002,
      0.8225773425161985,
      0.7354634991537697,
      0.7738380341298585,
      0.743636903993464,
      0.7373080984871724,
      0.6854624819974641,
      0.8083055805939957,
      0.7629159923712177,
      0.7184313961050969,
      0.7190557613331028,
      0.6875516033390542,
      0.691608882651186,
      0.7932149617853786,
      0.7874835384881318,
      0.6340332954840981,
      0.6821818812506102,
      0.8267607588583229,
      0.8005017232733233,
      0.8057539550998252,
      0.7986214517006206,
      0.6649402073415128,
      0.7252552658501222,
      0.8188750100485116,
      0.6926769434883226,
      0.7068157292514404,
      0.8323807535490718,
      0.6769219323134466,
      0.7524760101337756,
      0.6996966265033119,
      0.7218523909107749,
      0.8567782864908858,
      0.6141836803986538,
      0.8493362855201466,
      0.7093759485166986,
      0.7877716264363334,
      0.8224198559282039,
      0.7171402371365762,
      0.7378693325712589,
      0.6414471771348088,
      0.8411548451510237,
      0.6614578037529543,
      0.8234820848926105,
      0.7444339807744415,
      0.8337003482176742,
      0.7440728354492788,
      0.7261674090111176,
      0.7857846593376162,
      0.7389972502599192,
      0.8098031817227551,
      0.8148548509515049,
      0.6527664762415318,
      0.7498184294698976,
      0.7243034904493132,
      0.6506551998650039,
      0.7967115734018274,
      0.8039075105818402,
      0.6573188988107971,
      0.7477552470799079,
      0.7572971179847986,
      0.6866142743544105,
      0.6945849850959602,
      0.7301115619992697,
      0.7364295701566898,
      0.8331779461363104,
      0.8399871089429007,
      0.8222884455798719,
      0.7583372417274971,
      0.8103889504168037,
      0.8354205301077129,
      0.7119454895392368,
      0.6631322547510122,
      0.8292376930041595,
      0.6974646820298408,
      0.8239675443035922,
      0.8386246062168469,
      0.7914732875178646,
      0.6836842151503836,
      0.6901330323891125,
      0.8222145545007741,
      0.7547914537176691,
      0.7423113625546387,
      0.825987116523149,
      0.6019588618509374,
      0.8307567051736857,
      0.7178327002468112,
      0.7470573517421616,
      0.6552435673822748,
      0.6952508146497455,
      0.7048712944181607,
      0.7697825481817445,
      0.7361304580978221
    ],
    [
      0.6786391535629321,
      0.7881046342514194,
      0.661472263040025,
      0.7973971400985825,
      0.8035756454009046,
      0.6941584624475028,
      0.7222939979785085,
      0.6983174534146922,
      0.8225773425161985,
      1.0,
      0.7343405832205468,
      0.7711867131109752,
      0.7265691052567654,
      0.7483628350794752,
      0.7026180038025943,
      0.789767884665416,
      0.8019633724818883,
      0.7094194238722386,
      0.6955515015715362,
      0.6598606361601883,
      0.6774135388895282,
      0.7721582356127573,
      0.7892295717811986,
      0.6376563831802742,
      0.671044966290169,
      0.8412258291187732,
      0.7973436243964759,
      0.8465418670629458,
      0.7468943709030423,
      0.6260804818150306,
      0.7414087447684317,
      0.8042947239692267,
      0.7084420680803528,
      0.7050531188197242,
      0.8591024696387258,
      0.6461797561523588,
      0.773282475760098,
      0.7032969578217773,
      0.7422058382019894,
      0.7883382450615808,
      0.6075554964610296,
      0.8170331686062063,
      0.6914986025284376,
      0.8065834368139791,
      0.8258945371307845,
      0.7310841632552592,
      0.7429289364146111,
      0.6392302184687177,
      0.8308345569509786,
      0.6578314141931613,
      0.8161611556781084,
      0.7214390681350685,
      0.7710512630041234,
      0.7540630318715928,
      0.7651873018750495,
      0.7933833117679147,
      0.7180745299112394,
      0.8365050254574676,
      0.7719103257070784,
      0.625300999602567,
      0.7134969711389917,
      0.704474342719764,
      0.6520394648691193,
      0.7863973166489121,
      0.8117516015432781,
      0.6396920280438111,
      0.7574151141773485,
      0.7539030588137378,
      0.6601138777682558,
      0.6752828189197185,
      0.7766415343335584,
      0.743316758570777,
      0.8076277492181375,
      0.8171894524977811,
      0.785547990313329,
      0.7380710307068353,
      0.8074829456758953,
      0.8601962909683163,
      0.7579804754317411,
      0.6560206285780036,
      0.8185315800973059,
      0.6953216671141442,
      0.7755378624395629,
      0.8312863727902201,
      0.8019918172239944,
      0.6818659129619778,
      0.6916571319132915,
      0.7996556448074613,
      0.7028381070379499,
      0.7376022908891965,
      0.8009555384170022,
      0.5939954799882946,
      0.8486568455236267,
      0.6980622763638422,
      0.731145470409376,
      0.6451145581885319,
      0.6948924961002163,
      0.6792631933617695,
      0.7992122214405311,
      0.7146360601564816
    ],
    [
      0.6881269359645455,
      0.7349847122696057,
      0.6548700696551446,
      0.697844931574429,
      0.6957407458437572,
      0.7691275541296788,
      0.7911502203527366,
      0.7531832749095603,
      0.7354634991537697,
      0.7343405832205468,
      0.9999999999999997,
      0.6743445962822566,
      0.7564357518070056,
      0.662927686595202,
      0.6562729463081017,
      0.7162486668541335,
      0.7483440374701708,
      0.8525528654653333,
      0.6867068137805902,
      0.7106074227841206,
      0.671640218970237,
      0.7682417897351979,
      0.7269680576768636,
      0.7135411132660954,
      0.729508938172882,
      0.7342763713577769,
      0.7306113928038108,
      0.7586629690273808,
      0.7100411814686775,
      0.6859601384940716,
      0.7178058784493037,
      0.7301065203675413,
      0.7788743595091311,
      0.6859333693543066,
      0.7624275222582076,
      0.6670700822331251,
      0.7305019630191566,
      0.7161357513806031,
      0.7850995511205086,
      0.7492577569251333,
      0.6301422455226148,
      0.753560566630258,
      0.7904236763967534,
      0.707924528311076,
      0.7571912626775613,
      0.7636601282674057,
      0.6792794269071093,
      0.7287554080304579,
      0.7528253601808954,
      0.6398297254323424,
      0.7512447473385979,
      0.7924122816812628,
      0.7379888719858224,
      0.666909744389653,
      0.7010931882542607,
      0.6818227595494951,
      0.7424931585102491,
      0.7114189255483234,
      0.7250911727041219,
      0.7135203704890861,
      0.6644751638396215,
      0.778036035503983,
      0.6221060252396705,
      0.7134688949223497,
      0.7725128770395681,
      0.612069604438738,
      0.6573658172666768,
      0.656696774196372,
      0.7624484049469794,
      0.7595900452759953,
      0.695689946761323,
      0.7238128573398638,
      0.7419873071282415,
      0.7813868022555779,
      0.7033285905319575,
      0.6805322469276285,
      0.7274797833158924,
      0.7462550871786551,
      0.8001700845876218,
      0.7428126980805599,
      0.7473802901763963,
      0.7384679352794877,
      0.7329818259673164,
      0.771174969634453,
      0.7200458684775274,
      0.7671568310903698,
      0.7067547634416805,
      0.7417394626894218,
      0.7634701252573546,
      0.7157611856472342,
      0.7123421370034685,
      0.5961435333018313,
      0.7569726582723892,
      0.7964247564059831,
      0.6830592881205262,
      0.7031190952207408,
      0.6344464958143449,
      0.6968332727916757,
      0.7407419136384648,
      0.671364127080059
    ],
    [
      0.6291528112118744,
      0.7132760364911418,
      0.581001693351369,
      0.7426020273109644,
      0.7486248658144273,
      0.6713457606244463,
      0.687096439937647,
      0.6332387257204842,
      0.7738380341298585,
      0.7711867131109752,
      0.6743445962822566,
      1.0,
      0.6921198749303068,
      0.7565181506601041,
      0.6636520846794384,
      0.7284397607229133,
      0.7363739395413506,
      0.6626317910013619,
      0.6449922408889404,
      0.6156347280099033,
      0.6099094317052363,
      0.7166979023989258,
      0.7377611120670964,
      0.6272645616952733,
      0.6316959743498366,
      0.804939825736759,
      0.7532806133028865,
      0.7785381662545028,
      0.7121201052559366,
      0.5678055859342824,
      0.6756852242920245,
      0.7472048279776399,
      0.6418792426001814,
      0.6414939005960004,
      0.7982322109105465,
      0.6513246978179059,
      0.7019454314546906,
      0.6470237369348766,
      0.6931796516805312,
      0.7438275090381024,
      0.5777230238031007,
      0.7415257062933595,
      0.646886870796976,
      0.7393870820446372,
      0.7751535815706333,
      0.6652549574260872,
      0.7603054253251709,
      0.6135379739230765,
      0.7289911265967458,
      0.6455087524633684,
      0.7747634177174527,
      0.6746743400046132,
      0.7142385854698832,
      0.7279107609727417,
      0.7983250526382585,
      0.7881170714999524,
      0.6529751128010338,
      0.7822511308931815,
      0.7555658055567299,
      0.6007238498146142,
      0.6496436455692222,
      0.6527129776218527,
      0.5959628875192438,
      0.7404559855217018,
      0.7643345992578734,
      0.6173943710813962,
      0.7183126788131576,
      0.7453742714503747,
      0.6026487864810776,
      0.6311678812281988,
      0.7103729790474668,
      0.6924899360433824,
      0.7513738661879587,
      0.7321401734908796,
      0.7686363943847514,
      0.6818047300572964,
      0.7354268747754581,
      0.7939739663796264,
      0.7031799814306076,
      0.6045835759465952,
      0.8044069516349205,
      0.6389827354409027,
      0.7292069980950471,
      0.7878690840043393,
      0.7591444788760273,
      0.6240258776963102,
      0.6156172630469812,
      0.7442146935010429,
      0.6396657555511209,
      0.6832665255516069,
      0.7523481817482359,
      0.549012132734498,
      0.800111308202275,
      0.6439271530097833,
      0.7285942507527113,
      0.6092174546822974,
      0.6907416293152745,
      0.6534583818550467,
      0.7484228759978472,
      0.6581214960585182
    ],
    [
      0.6792890480174402,
      0.7265942632501557,
      0.6578356465762155,
      0.6697751988632531,
      0.7300835200889823,
      0.805175308706101,
      0.8069769496985097,
      0.7672844284521347,
      0.743636903993464,
      0.7265691052567654,
      0.7564357518070056,
      0.6921198749303068,
      1.0000000000000002,
      0.6853206765261861,
      0.6949280036104724,
      0.777768317855783,
      0.747884540210897,
      0.7738855615094967,
      0.7185366809719179,
      0.7372247669616385,
      0.6887648136638846,
      0.7722440035714998,
      0.7376115536970019,
      0.7277258589114947,
      0.7349356884497656,
      0.7170330662406661,
      0.7391093196475992,
      0.7502314059598872,
      0.7264816354621332,
      0.7295404401897568,
      0.7344591063024826,
      0.7448265148229058,
      0.7749811408731402,
      0.7020715038930523,
      0.7315214869773254,
      0.666120944646511,
      0.7066315262400059,
      0.7767102719696587,
      0.7146719729503026,
      0.723894457418321,
      0.6524942758980153,
      0.7220816597227602,
      0.8184746694320034,
      0.7199732978107903,
      0.7241930427414834,
      0.7546420428012635,
      0.645263433982835,
      0.7338056797034817,
      0.7280774435063351,
      0.6230029332425405,
      0.7558160578809373,
      0.8265326971871882,
      0.732938126067959,
      0.6408569833965357,
      0.6805181305909406,
      0.6600796874673044,
      0.7524373612010468,
      0.7383951574720347,
      0.7341444601856915,
      0.7923425934915809,
      0.7109427779976686,
      0.8159080959751593,
      0.6245588124086138,
      0.7273669500373785,
      0.7246028960179576,
      0.665505530051997,
      0.6700226701006256,
      0.6697398595326894,
      0.79573192312037,
      0.7914063174486734,
      0.6612320549383716,
      0.7048437162361877,
      0.7166010080912254,
      0.7265825287084383,
      0.7479207106668514,
      0.7203960521330924,
      0.782472888450962,
      0.735411360433705,
      0.7729804627878513,
      0.7163982976487834,
      0.7580401798498849,
      0.7862813804046205,
      0.7199469318764167,
      0.7554541463164015,
      0.7938770411021068,
      0.7978411128195343,
      0.77479788597284,
      0.711344805917889,
      0.7539437997912534,
      0.7061364048452541,
      0.7395376964604269,
      0.6082116211415761,
      0.7351532219907967,
      0.7849409784313338,
      0.6668915651880291,
      0.6825909222842738,
      0.6101408753071155,
      0.6939499319996498,
      0.7143516537546163,
      0.7075221569009892
    ],
    [
      0.6080686433559092,
      0.7047158944802172,
      0.5762653628143832,
      0.7250167138647052,
      0.7028705141764876,
      0.6765969894438917,
      0.686041265162621,
      0.6337541797452556,
      0.7373080984871724,
      0.7483628350794752,
      0.662927686595202,
      0.7565181506601041,
      0.6853206765261861,
      1.0,
      0.6485742926561734,
      0.7310286255671525,
      0.7428919530605586,
      0.657404050484938,
      0.6813113358361186,
      0.6059074167164665,
      0.5998900301766381,
      0.7005222471968606,
      0.724251234164797,
      0.6316706827295795,
      0.6204737156072583,
      0.7527674911716907,
      0.7308921644076345,
      0.7478014013634042,
      0.7104638200936502,
      0.5706606430496294,
      0.6641798472106474,
      0.7397040047308359,
      0.6286219160065414,
      0.6416812524940831,
      0.7578395479959527,
      0.6515689944271306,
      0.7124602737118039,
      0.620040258641514,
      0.6822371365407308,
      0.7286281656945574,
      0.6087278457321978,
      0.7265305514058712,
      0.6465271717208457,
      0.7243619487987898,
      0.7480328674698469,
      0.6547009101067321,
      0.7245092916288255,
      0.619604743581606,
      0.7291625308371037,
      0.6267919845798834,
      0.7415456020606704,
      0.6626647597723915,
      0.7019258273516097,
      0.6980665066597149,
      0.6941690937296506,
      0.8302403008270612,
      0.6518107223843769,
      0.753293706241974,
      0.725797049861196,
      0.5986205434957685,
      0.6314429282288043,
      0.6475189073537614,
      0.5900008665133352,
      0.7398191975624525,
      0.7581695952146651,
      0.6147730981807946,
      0.7029952569973901,
      0.7305231192664103,
      0.6451099202605287,
      0.6225686665972228,
      0.685774658453497,
      0.6760404589831169,
      0.7392536229332222,
      0.7372118817528102,
      0.7482956462135758,
      0.6686841169920089,
      0.7243354894289195,
      0.758617642853567,
      0.6884366203122964,
      0.5986992254660577,
      0.7812325599082178,
      0.6486319907659114,
      0.7167256776755088,
      0.7503370511824222,
      0.7474933482218948,
      0.6162566007648732,
      0.6279065154760047,
      0.7376776664700045,
      0.6374360058405721,
      0.6703245837225529,
      0.7168565915507044,
      0.5471326874359274,
      0.7647455186584425,
      0.6337181375752128,
      0.7513929442696464,
      0.6006289173338815,
      0.658202618509851,
      0.6333404035831283,
      0.7501634071130843,
      0.6416590387893731
    ],
    [
      0.6034332578673632,
      0.6453126069118923,
      0.6143989440215051,
      0.6573100389628702,
      0.6646215007494427,
      0.6588671724899023,
      0.6878789196698866,
      0.6565986002124313,
      0.6854624819974641,
      0.7026180038025943,
      0.6562729463081017,
      0.6636520846794384,
      0.6949280036104724,
      0.6485742926561734,
      1.0000000000000002,
      0.6614509639444205,
      0.6808978675657413,
      0.6478253443856173,
      0.7119023024089461,
      0.595645298641887,
      0.6214420126955608,
      0.6866553857188489,
      0.7182778881185277,
      0.6188087183164838,
      0.6078057415891206,
      0.6836084166338177,
      0.7023494483862552,
      0.6943725256391007,
      0.6692054808680846,
      0.6247379404515147,
      0.6564083497739984,
      0.6870855443428932,
      0.6313346520438855,
      0.6457365062308119,
      0.6948793255462582,
      0.6310238712851157,
      0.7157211001616172,
      0.6230193669148342,
      0.6655563557058671,
      0.7114389047300116,
      0.5765116738518117,
      0.6918845843194266,
      0.6657904292679477,
      0.7271201421585661,
      0.6926137732857972,
      0.6639197233387715,
      0.6233634400448215,
      0.628333478618613,
      0.7187099856678877,
      0.6103701577179863,
      0.6727537672005647,
      0.640281117315231,
      0.6883852438114667,
      0.6451098150454363,
      0.6870117488692239,
      0.6782184619007464,
      0.650478009871963,
      0.6786603663404499,
      0.6843439235028962,
      0.7071813220760618,
      0.6288694225157071,
      0.6448260750573352,
      0.57611262261088,
      0.717940585209656,
      0.6791557014590456,
      0.5918728767462326,
      0.6501777685696303,
      0.6636231623989622,
      0.639837537733086,
      0.638954751748387,
      0.6091442351396451,
      0.6086421173012769,
      0.6838586724866076,
      0.7076422558193872,
      0.7025589250671112,
      0.6332781043393704,
      0.7273047128410056,
      0.7119058605417687,
      0.7105374419100596,
      0.5884940285536443,
      0.6919485708494015,
      0.6842608807122327,
      0.6877234158203009,
      0.71493944715548,
      0.6795726575155673,
      0.6102547794481341,
      0.6417992219061794,
      0.7043632486149963,
      0.6710519073728841,
      0.7078279204910953,
      0.6604799568993026,
      0.5409025838765827,
      0.6990058401679436,
      0.6196208388280818,
      0.6765095542614353,
      0.5798308423023969,
      0.6893571801362247,
      0.6294724568141844,
      0.6867540730111936,
      0.6526379607415266
    ],
    [
      0.6915239647191235,
      0.8030292758943945,
      0.6741418151085193,
      0.7845444990317284,
      0.8098561822760305,
      0.7082780233123597,
      0.7662061215854011,
      0.6490466906978781,
      0.8083055805939957,
      0.789767884665416,
      0.7162486668541335,
      0.7284397607229133,
      0.777768317855783,
      0.7310286255671525,
      0.6614509639444205,
      1.0,
      0.8080564891552005,
      0.7557363197672973,
      0.7474168235757158,
      0.6725724418387764,
      0.6867402454432079,
      0.768472165908597,
      0.7971910954884236,
      0.6334614399899972,
      0.6830260164496176,
      0.8138330397874833,
      0.7488384316045961,
      0.8116580064323423,
      0.8209600367533897,
      0.6500075649597322,
      0.7411630326253963,
      0.784053402702496,
      0.6871678584130527,
      0.6761341613594984,
      0.8193936300806831,
      0.7151792904570146,
      0.7675172347515943,
      0.6876650882318388,
      0.765467834476857,
      0.8506119722747264,
