{
  "feature": "work_culture",
  "matrix": [
    [
      1.0000000000000002,
      0.4739290650232365,
      0.46867978618736467,
      0.47786607207074017,
      0.4813046038979081,
      0.4678632835785031,
      0.47893125543359144,
      0.4739290650232365,
      0.4761076144483123,
      0.4813046038979081,
      0.46794114208631704,
      0.47893125543359144,
      0.4703911215340269,
      0.47893125543359144,
      0.47855979539776144,
      0.4761076144483123,
      0.4739290650232365,
      0.4739290650232365,
      0.47912607729033657,
      0.4739290650232365,
      0.473696111362612,
      0.4678632835785031,
      0.4761076144483123,
      0.4739290650232365,
      0.4634120684329112,
      0.4761076144483123,
      0.47893125543359144,
      0.4739290650232365,
      0.46867978618736467,
      0.46867978618736467,
      0.4826641480467828,
      0.4739290650232365,
      0.4739290650232365,
      0.473696111362612,
      0.4739290650232365,
      0.4761076144483123,
      0.4739290650232365,
      0.4671375392351177,
      0.4739290650232365,
      0.46867978618736467,
      0.47172790074663323,
      0.46867978618736467,
      0.4634120684329112,
      0.4272684702774156,
      0.4739290650232365,
      0.4813046038979081,
      0.47893125543359144,
      0.45966083968562393,
      0.46867978618736467,
      0.4723816316052287,
      0.47256298261336666,
      0.4739290650232365,
      0.46867978618736467,
      0.448946732628417,
      0.4813046038979081,
      0.47786607207074017,
      0.46794114208631704,
      0.47912607729033657,
      0.4761076144483123,
      0.4739290650232365,
      0.4758843106311994,
      0.47786607207074017,
      0.46356925896895945,
      0.4761076144483123,
      0.4739290650232365,
      0.47893125543359144,
      0.47912607729033657,
      0.47912607729033657,
      0.4739290650232365,
      0.4739290650232365,
      0.4796922697871591,
      0.48690199835747083,
      0.4761076144483123,
      0.46867978618736467,
      0.47893125543359144,
      0.4703911215340269,
      0.47855979539776144,
      0.4813046038979081,
      0.47855979539776144,
      0.4739290650232365,
      0.47912607729033657,
      0.4703911215340269,
      0.46867978618736467,
      0.46867978618736467,
      0.47893125543359144,
      0.4739290650232365,
      0.4741791580127024,
      0.46867978618736467,
      0.47172308751115277,
      0.4739290650232365,
      0.45944012769250453,
      0.4660262702257777,
      0.4761076144483123,
      0.4739290650232365,
      0.46867978618736467,
      0.4739290650232365,
      0.473696111362612,
      0.4572828197138656,
      0.48690199835747083,
      0.4813046038979081
    ],
    [
      0.4739290650232365,
      1.0,
      0.8104217472493709,
      0.7256955497476736,
      0.7674416437257743,
      0.879749973860645,
      0.7800713028803661,
      0.9,
      0.7435252059223316,
      0.7674416437257743,
      0.8771381652646593,
      0.7800713028803661,
      0.8357766296328095,
      0.7800713028803661,
      0.7192145663276499,
      0.7435252059223316,
      0.9,
      0.9,
      0.7697459285963162,
      0.9,
      0.8815077353765788,
      0.879749973860645,
      0.7435252059223316,
      0.9,
      0.8212200477560452,
      0.7435252059223316,
      0.7800713028803661,
      0.9,
      0.8104217472493709,
      0.8104217472493709,
      0.8854824120757269,
      0.9,
      0.9,
      0.8815077353765788,
      0.9,
      0.7435252059223316,
      0.9,
      0.8384582510007177,
      0.9,
      0.8104217472493709,
      0.7022674311353041,
      0.8104217472493709,
      0.8212200477560452,
      0.7848657009670974,
      0.9,
      0.7674416437257743,
      0.7800713028803661,
      0.8573632474451381,
      0.8104217472493709,
      0.7098191722622216,
      0.8886843602359088,
      0.9,
      0.8104217472493709,
      0.8532761572580656,
      0.7674416437257743,
      0.7256955497476736,
      0.8771381652646593,
      0.7697459285963162,
      0.7435252059223316,
      0.9,
      0.7252427122727159,
      0.7256955497476736,
      0.8596436883929349,
      0.7435252059223316,
      0.9,
      0.7800713028803661,
      0.7697459285963162,
      0.7697459285963162,
      0.9,
      0.9,
      0.8846120103725924,
      0.7096402269163169,
      0.7435252059223316,
      0.8104217472493709,
      0.7800713028803661,
      0.8357766296328095,
      0.7192145663276499,
      0.7674416437257743,
      0.7192145663276499,
      0.9,
      0.7697459285963162,
      0.8357766296328095,
      0.8104217472493709,
      0.8104217472493709,
      0.7800713028803661,
      0.9,
      0.72539146816108,
      0.8104217472493709,
      0.7233628807168353,
      0.9,
      0.8224077264458323,
      0.892524831181766,
      0.7435252059223316,
      0.9,
      0.8104217472493709,
      0.9,
      0.8815077353765788,
      0.8319077638590591,
      0.7096402269163169,
      0.7674416437257743
    ],
    [
      0.46867978618736467,
      0.8104217472493709,
      1.0,
      0.8821657317244621,
      0.7008118598266169,
      0.8365291086676608,
      0.7057105025698449,
      0.8104217472493709,
      0.8847696660606211,
      0.7008118598266169,
      0.8363929984540606,
      0.7057105025698449,
      0.7934552001782809,
      0.7057105025698449,
      0.8874255429064343,
      0.8847696660606211,
      0.8104217472493709,
      0.8104217472493709,
      0.7297177745799188,
      0.8104217472493709,
      0.8424070569937714,
      0.8365291086676608,
      0.8847696660606211,
      0.8104217472493709,
      0.7323260727683696,
      0.8847696660606211,
      0.7057105025698449,
      0.8104217472493709,
      0.9,
      0.9,
      0.8531484954862271,
      0.8104217472493709,
      0.8104217472493709,
      0.8424070569937714,
      0.8104217472493709,
      0.8847696660606211,
      0.8104217472493709,
      0.820666460710963,
      0.8104217472493709,
      0.9,
      0.8645690523494451,
      0.9,
      0.7323260727683696,
      0.7420213917810102,
      0.8104217472493709,
      0.7008118598266169,
      0.7057105025698449,
      0.8147803091343891,
      0.9,
      0.721701128071111,
      0.8476680952037023,
      0.8104217472493709,
      0.9,
      0.8161077904990364,
      0.7008118598266169,
      0.8821657317244621,
      0.8363929984540606,
      0.7297177745799188,
      0.8847696660606211,
      0.8104217472493709,
      0.8872651596884675,
      0.8821657317244621,
      0.8163774474560923,
      0.8847696660606211,
      0.8104217472493709,
      0.7057105025698449,
      0.7297177745799188,
      0.7297177745799188,
      0.8104217472493709,
      0.8104217472493709,
      0.8493851791035242,
      0.8842691041574982,
      0.8847696660606211,
      0.9,
      0.7057105025698449,
      0.7934552001782809,
      0.8874255429064343,
      0.7008118598266169,
      0.8874255429064343,
      0.8104217472493709,
      0.7297177745799188,
      0.7934552001782809,
      0.9,
      0.9,
      0.7057105025698449,
      0.8104217472493709,
      0.8743508360650272,
      0.9,
      0.8922522295641162,
      0.8104217472493709,
      0.793144435118358,
      0.8518943154957356,
      0.8847696660606211,
      0.8104217472493709,
      0.9,
      0.8104217472493709,
      0.8424070569937714,
      0.7909581760457424,
      0.8842691041574982,
      0.7008118598266169
    ],
    [
      0.47786607207074017,
      0.7256955497476736,
      0.8821657317244621,
      1.0,
      0.8255002691586415,
      0.7937512821266193,
      0.831342546152839,
      0.7256955497476736,
      0.8429502573470566,
      0.8255002691586415,
      0.7959409686716099,
      0.831342546152839,
      0.7116783737499073,
      0.831342546152839,
      0.8035350695183832,
      0.8429502573470566,
      0.7256955497476736,
      0.7256955497476736,
      0.8109688020597954,
      0.7256955497476736,
      0.822458505100212,
      0.7937512821266193,
      0.8429502573470566,
      0.7256955497476736,
      0.7288244335660052,
      0.8429502573470566,
      0.831342546152839,
      0.7256955497476736,
      0.8821657317244621,
      0.8821657317244621,
      0.8005903683771742,
      0.7256955497476736,
      0.7256955497476736,
      0.822458505100212,
      0.7256955497476736,
      0.8429502573470566,
      0.7256955497476736,
      0.8804327896848192,
      0.7256955497476736,
      0.8821657317244621,
      0.7371114123453177,
      0.8821657317244621,
      0.7288244335660052,
      0.8613493274193887,
      0.7256955497476736,
      0.8255002691586415,
      0.831342546152839,
      0.7515393247099145,
      0.8821657317244621,
      0.8727798526224956,
      0.8169805683564793,
      0.7256955497476736,
      0.8821657317244621,
      0.722596562944724,
      0.8255002691586415,
      0.9,
      0.7959409686716099,
      0.8109688020597954,
      0.8429502573470566,
      0.7256955497476736,
      0.7635103473066289,
      0.9,
      0.7658640939228842,
      0.8429502573470566,
      0.7256955497476736,
      0.831342546152839,
      0.8109688020597954,
      0.8109688020597954,
      0.7256955497476736,
      0.7256955497476736,
      0.7765760629951102,
      0.7529827639559072,
      0.8429502573470566,
      0.8821657317244621,
      0.831342546152839,
      0.7116783737499073,
      0.8035350695183832,
      0.8255002691586415,
      0.8035350695183832,
      0.7256955497476736,
      0.8109688020597954,
      0.7116783737499073,
      0.8821657317244621,
      0.8821657317244621,
      0.831342546152839,
      0.7256955497476736,
      0.8033551516724795,
      0.8821657317244621,
      0.8870225797239325,
      0.7256955497476736,
      0.8926428418160438,
      0.7996729565375937,
      0.8429502573470566,
      0.7256955497476736,
      0.8821657317244621,
      0.7256955497476736,
      0.822458505100212,
      0.7346197155631342,
      0.7529827639559072,
      0.8255002691586415
    ],
    [
      0.4813046038979081,
      0.7674416437257743,
      0.7008118598266169,
      0.8255002691586415,
      0.9999999999999996,
      0.7671588972989143,
      0.8248700241732392,
      0.7674416437257743,
      0.822425336746468,
      0.9,
      0.7819135100545691,
      0.8248700241732392,
      0.8857870883562126,
      0.8248700241732392,
      0.8229418804421362,
      0.822425336746468,
      0.7674416437257743,
      0.7674416437257743,
      0.792348072408604,
      0.7674416437257743,
      0.7946787866708716,
      0.7671588972989143,
      0.822425336746468,
      0.7674416437257743,
      0.766404311866705,
      0.822425336746468,
      0.8248700241732392,
      0.7674416437257743,
      0.7008118598266169,
      0.7008118598266169,
      0.7627579708563323,
      0.7674416437257743,
      0.7674416437257743,
      0.7946787866708716,
      0.7674416437257743,
      0.822425336746468,
      0.7674416437257743,
      0.8850935399195125,
      0.7674416437257743,
      0.7008118598266169,
      0.7641423596519672,
      0.7008118598266169,
      0.766404311866705,
      0.8516767702443422,
      0.7674416437257743,
      0.9,
      0.8248700241732392,
      0.7442733964202912,
      0.7008118598266169,
      0.8861595027322832,
      0.7791070543236382,
      0.7674416437257743,
      0.7008118598266169,
      0.890202747351772,
      0.9,
      0.8255002691586415,
      0.7819135100545691,
      0.792348072408604,
      0.822425336746468,
      0.7674416437257743,
      0.7869630518986699,
      0.8255002691586415,
      0.7274506962726348,
      0.822425336746468,
      0.7674416437257743,
      0.8248700241732392,
      0.792348072408604,
      0.792348072408604,
      0.7674416437257743,
      0.7674416437257743,
      0.7501568732786812,
      0.7402252626075707,
      0.822425336746468,
      0.7008118598266169,
      0.8248700241732392,
      0.8857870883562126,
      0.8229418804421362,
      0.9,
      0.8229418804421362,
      0.7674416437257743,
      0.792348072408604,
      0.8857870883562126,
      0.7008118598266169,
      0.7008118598266169,
      0.8248700241732392,
      0.7674416437257743,
      0.8487444779440061,
      0.7008118598266169,
      0.7009749883809153,
      0.7674416437257743,
      0.8839131732524157,
      0.7682658022858035,
      0.822425336746468,
      0.7674416437257743,
      0.7008118598266169,
      0.7674416437257743,
      0.7946787866708716,
      0.7049491633712737,
      0.7402252626075707,
      0.9
    ],
    [
      0.4678632835785031,
      0.879749973860645,
      0.8365291086676608,
      0.7937512821266193,
      0.7671588972989143,
      1.0000000000000002,
      0.7699357589924083,
      0.879749973860645,
      0.810154136214535,
      0.7671588972989143,
      0.8499700650095703,
      0.7699357589924083,
      0.7728711415901568,
      0.7699357589924083,
      0.7228594306001779,
      0.810154136214535,
      0.879749973860645,
      0.879749973860645,
      0.7226137567932245,
      0.879749973860645,
      0.8470043401568401,
      0.9,
      0.810154136214535,
      0.879749973860645,
      0.8986344078796469,
      0.810154136214535,
      0.7699357589924083,
      0.879749973860645,
      0.8365291086676608,
      0.8365291086676608,
      0.7792005612692547,
      0.879749973860645,
      0.879749973860645,
      0.8470043401568401,
      0.879749973860645,
      0.810154136214535,
      0.879749973860645,
      0.8550833252539485,
      0.879749973860645,
      0.8365291086676608,
      0.7332967306942129,
      0.8365291086676608,
      0.8986344078796469,
      0.7257439267498162,
      0.879749973860645,
      0.7671588972989143,
      0.7699357589924083,
      0.8204166220643221,
      0.8365291086676608,
      0.8357981892938486,
      0.866410962181186,
      0.879749973860645,
      0.8365291086676608,
      0.7329529096504837,
      0.7671588972989143,
      0.7937512821266193,
      0.8499700650095703,
      0.7226137567932245,
      0.810154136214535,
      0.879749973860645,
      0.7102278155358324,
      0.7937512821266193,
      0.8464200777658288,
      0.810154136214535,
      0.879749973860645,
      0.7699357589924083,
      0.7226137567932245,
      0.7226137567932245,
      0.879749973860645,
      0.879749973860645,
      0.779562323004565,
      0.8989291947236334,
      0.810154136214535,
      0.8365291086676608,
      0.7699357589924083,
      0.7728711415901568,
      0.7228594306001779,
      0.7671588972989143,
      0.7228594306001779,
      0.879749973860645,
      0.7226137567932245,
      0.7728711415901568,
      0.8365291086676608,
      0.8365291086676608,
      0.7699357589924083,
      0.879749973860645,
      0.7891712488714591,
      0.8365291086676608,
      0.8640627251270739,
      0.879749973860645,
      0.8828525679180792,
      0.7999786019727597,
      0.810154136214535,
      0.879749973860645,
      0.8365291086676608,
      0.879749973860645,
      0.8470043401568401,
      0.8117073740693579,
      0.8989291947236334,
      0.7671588972989143
    ],
    [
      0.47893125543359144,
      0.7800713028803661,
      0.7057105025698449,
      0.831342546152839,
      0.8248700241732392,
      0.7699357589924083,
      1.0,
      0.7800713028803661,
      0.8259655187498594,
      0.8248700241732392,
      0.7601619629212237,
      0.9,
      0.8983726836555017,
      0.9,
      0.7874728167762903,
      0.8259655187498594,
      0.7800713028803661,
      0.7800713028803661,
      0.8388304405870666,
      0.7800713028803661,
      0.7785465292617766,
      0.7699357589924083,
      0.8259655187498594,
      0.7800713028803661,
      0.7850706765677435,
      0.8259655187498594,
      0.9,
      0.7800713028803661,
      0.7057105025698449,
      0.7057105025698449,
      0.76585096114465,
      0.7800713028803661,
      0.7800713028803661,
      0.7785465292617766,
      0.7800713028803661,
      0.8259655187498594,
      0.7800713028803661,
      0.8737062332563127,
      0.7800713028803661,
      0.7057105025698449,
      0.7465198514930962,
      0.7057105025698449,
      0.7850706765677435,
      0.8423253111215896,
      0.7800713028803661,
      0.8248700241732392,
      0.9,
      0.7213825815768691,
      0.7057105025698449,
      0.8829673315127804,
      0.7901048950853391,
      0.7800713028803661,
      0.7057105025698449,
      0.7239762422579379,
      0.8248700241732392,
      0.831342546152839,
      0.7601619629212237,
      0.8388304405870666,
      0.8259655187498594,
      0.7800713028803661,
      0.766116225886587,
      0.831342546152839,
      0.7413762507479076,
      0.8259655187498594,
      0.7800713028803661,
      0.9,
      0.8388304405870666,
      0.8388304405870666,
      0.7800713028803661,
      0.7800713028803661,
      0.753781645218724,
      0.7640425070193277,
      0.8259655187498594,
      0.7057105025698449,
      0.9,
      0.8983726836555017,
      0.7874728167762903,
      0.8248700241732392,
      0.7874728167762903,
      0.7800713028803661,
      0.8388304405870666,
      0.8983726836555017,
      0.7057105025698449,
      0.7057105025698449,
      0.9,
      0.7800713028803661,
      0.7980271883578953,
      0.7057105025698449,
      0.7019301589487825,
      0.7800713028803661,
      0.8776907652346235,
      0.8083038683453949,
      0.8259655187498594,
      0.7800713028803661,
      0.7057105025698449,
      0.7800713028803661,
      0.7785465292617766,
      0.8947019971362182,
      0.7640425070193277,
      0.8248700241732392
    ],
    [
      0.4739290650232365,
      0.9,
      0.8104217472493709,
      0.7256955497476736,
      0.7674416437257743,
      0.879749973860645,
      0.7800713028803661,
      1.0,
      0.7435252059223316,
      0.7674416437257743,
      0.8771381652646593,
      0.7800713028803661,
      0.8357766296328095,
      0.7800713028803661,
      0.7192145663276499,
      0.7435252059223316,
      0.9,
      0.9,
      0.7697459285963162,
      0.9,
      0.8815077353765788,
      0.879749973860645,
      0.7435252059223316,
      0.9,
      0.8212200477560452,
      0.7435252059223316,
      0.7800713028803661,
      0.9,
      0.8104217472493709,
      0.8104217472493709,
      0.8854824120757269,
      0.9,
      0.9,
      0.8815077353765788,
      0.9,
      0.7435252059223316,
      0.9,
      0.8384582510007177,
      0.9,
      0.8104217472493709,
      0.7022674311353041,
      0.8104217472493709,
      0.8212200477560452,
      0.7848657009670974,
      0.9,
      0.7674416437257743,
      0.7800713028803661,
      0.8573632474451381,
      0.8104217472493709,
      0.7098191722622216,
      0.8886843602359088,
      0.9,
      0.8104217472493709,
      0.8532761572580656,
      0.7674416437257743,
      0.7256955497476736,
      0.8771381652646593,
      0.7697459285963162,
      0.7435252059223316,
      0.9,
      0.7252427122727159,
      0.7256955497476736,
      0.8596436883929349,
      0.7435252059223316,
      0.9,
      0.7800713028803661,
      0.7697459285963162,
      0.7697459285963162,
      0.9,
      0.9,
      0.8846120103725924,
      0.7096402269163169,
      0.7435252059223316,
      0.8104217472493709,
      0.7800713028803661,
      0.8357766296328095,
      0.7192145663276499,
      0.7674416437257743,
      0.7192145663276499,
      0.9,
      0.7697459285963162,
      0.8357766296328095,
      0.8104217472493709,
      0.8104217472493709,
      0.7800713028803661,
      0.9,
      0.72539146816108,
      0.8104217472493709,
      0.7233628807168353,
      0.9,
      0.8224077264458323,
      0.892524831181766,
      0.7435252059223316,
      0.9,
      0.8104217472493709,
      0.9,
      0.8815077353765788,
      0.8319077638590591,
      0.7096402269163169,
      0.7674416437257743
    ],
    [
      0.4761076144483123,
      0.7435252059223316,
      0.8847696660606211,
      0.8429502573470566,
      0.822425336746468,
      0.810154136214535,
      0.8259655187498594,
      0.7435252059223316,
      1.0000000000000007,
      0.822425336746468,
      0.8071074888746517,
      0.8259655187498594,
      0.8994905392334642,
      0.8259655187498594,
      0.7600127740265585,
      0.9,
      0.7435252059223316,
      0.7435252059223316,
      0.7822102467275651,
      0.7435252059223316,
      0.8180059146838834,
      0.810154136214535,
      0.9,
      0.7435252059223316,
      0.7491247190358981,
      0.9,
      0.8259655187498594,
      0.7435252059223316,
      0.8847696660606211,
      0.8847696660606211,
      0.7850475047935728,
      0.7435252059223316,
      0.7435252059223316,
      0.8180059146838834,
      0.7435252059223316,
      0.9,
      0.7435252059223316,
      0.8603704628630919,
      0.7435252059223316,
      0.8847696660606211,
      0.7348103261033492,
      0.8847696660606211,
      0.7491247190358981,
      0.863537813531164,
      0.7435252059223316,
      0.822425336746468,
      0.8259655187498594,
      0.7588372149881333,
      0.8847696660606211,
      0.8665926202795208,
      0.8276843314202691,
      0.7435252059223316,
      0.8847696660606211,
      0.8974358789621029,
      0.822425336746468,
      0.8429502573470566,
      0.8071074888746517,
      0.7822102467275651,
      0.9,
      0.7435252059223316,
      0.7365554333765911,
      0.8429502573470566,
      0.7653673386223923,
      0.9,
      0.7435252059223316,
      0.8259655187498594,
      0.7822102467275651,
      0.7822102467275651,
      0.7435252059223316,
      0.7435252059223316,
      0.7795106170438546,
      0.7274086565212032,
      0.9,
      0.8847696660606211,
      0.8259655187498594,
      0.8994905392334642,
      0.7600127740265585,
      0.822425336746468,
      0.7600127740265585,
      0.7435252059223316,
      0.7822102467275651,
      0.8994905392334642,
      0.8847696660606211,
      0.8847696660606211,
      0.8259655187498594,
      0.7435252059223316,
      0.8032512303463322,
      0.8847696660606211,
      0.8851941847226538,
      0.7435252059223316,
      0.8756295391021715,
      0.7797293889335073,
      0.9,
      0.7435252059223316,
      0.8847696660606211,
      0.7435252059223316,
      0.8180059146838834,
      0.7269536081152317,
      0.7274086565212032,
      0.822425336746468
    ],
    [
      0.4813046038979081,
      0.7674416437257743,
      0.7008118598266169,
      0.8255002691586415,
      0.9,
      0.7671588972989143,
      0.8248700241732392,
      0.7674416437257743,
      0.822425336746468,
      0.9999999999999996,
      0.7819135100545691,
      0.8248700241732392,
      0.8857870883562126,
      0.8248700241732392,
      0.8229418804421362,
      0.822425336746468,
      0.7674416437257743,
      0.7674416437257743,
      0.792348072408604,
      0.7674416437257743,
      0.7946787866708716,
      0.7671588972989143,
      0.822425336746468,
      0.7674416437257743,
      0.766404311866705,
      0.822425336746468,
      0.8248700241732392,
      0.7674416437257743,
      0.7008118598266169,
      0.7008118598266169,
      0.7627579708563323,
      0.7674416437257743,
      0.7674416437257743,
      0.7946787866708716,
      0.7674416437257743,
      0.822425336746468,
      0.7674416437257743,
      0.8850935399195125,
      0.7674416437257743,
      0.7008118598266169,
      0.7641423596519672,
      0.7008118598266169,
      0.766404311866705,
      0.8516767702443422,
      0.7674416437257743,
      0.9,
      0.8248700241732392,
      0.7442733964202912,
      0.7008118598266169,
      0.8861595027322832,
      0.7791070543236382,
      0.7674416437257743,
      0.7008118598266169,
      0.890202747351772,
      0.9,
      0.8255002691586415,
      0.7819135100545691,
      0.792348072408604,
      0.822425336746468,
      0.7674416437257743,
      0.7869630518986699,
      0.8255002691586415,
      0.7274506962726348,
      0.822425336746468,
      0.7674416437257743,
      0.8248700241732392,
      0.792348072408604,
      0.792348072408604,
      0.7674416437257743,
      0.7674416437257743,
      0.7501568732786812,
      0.7402252626075707,
      0.822425336746468,
      0.7008118598266169,
      0.8248700241732392,
      0.8857870883562126,
      0.8229418804421362,
      0.9,
      0.8229418804421362,
      0.7674416437257743,
      0.792348072408604,
      0.8857870883562126,
      0.7008118598266169,
      0.7008118598266169,
      0.8248700241732392,
      0.7674416437257743,
      0.8487444779440061,
      0.7008118598266169,
      0.7009749883809153,
      0.7674416437257743,
      0.8839131732524157,
      0.7682658022858035,
      0.822425336746468,
      0.7674416437257743,
      0.7008118598266169,
      0.7674416437257743,
      0.7946787866708716,
      0.7049491633712737,
      0.7402252626075707,
      0.9
    ],
    [
      0.46794114208631704,
      0.8771381652646593,
      0.8363929984540606,
      0.7959409686716099,
      0.7819135100545691,
      0.8499700650095703,
      0.7601619629212237,
      0.8771381652646593,
      0.8071074888746517,
      0.7819135100545691,
      0.9999999999999998,
      0.7601619629212237,
      0.7354497823331663,
      0.7601619629212237,
      0.7424956198306978,
      0.8071074888746517,
      0.8771381652646593,
      0.8771381652646593,
      0.7140215817664468,
      0.8771381652646593,
      0.8671010968182002,
      0.8499700650095703,
      0.8071074888746517,
      0.8771381652646593,
      0.8933292409308626,
      0.8071074888746517,
      0.7601619629212237,
      0.8771381652646593,
      0.8363929984540606,
      0.8363929984540606,
      0.7701380158326412,
      0.8771381652646593,
      0.8771381652646593,
      0.8671010968182002,
      0.8771381652646593,
      0.8071074888746517,
      0.8771381652646593,
      0.8645898391869377,
      0.8771381652646593,
      0.8363929984540606,
      0.7378179173879529,
      0.8363929984540606,
      0.8933292409308626,
      0.7349902273819289,
      0.8771381652646593,
      0.7819135100545691,
      0.7601619629212237,
      0.8536379446147722,
      0.8363929984540606,
      0.8364443240583647,
      0.8298079694306963,
      0.8771381652646593,
      0.8363929984540606,
      0.899228293366599,
      0.7819135100545691,
      0.7959409686716099,
      0.9,
      0.7140215817664468,
      0.8071074888746517,
      0.8771381652646593,
      0.7191324565250237,
      0.7959409686716099,
      0.8051150827428022,
      0.8071074888746517,
      0.8771381652646593,
      0.7601619629212237,
      0.7140215817664468,
      0.7140215817664468,
      0.8771381652646593,
      0.8771381652646593,
      0.7663373537229361,
      0.8937469479597027,
      0.8071074888746517,
      0.8363929984540606,
      0.7601619629212237,
      0.7354497823331663,
      0.7424956198306978,
      0.7819135100545691,
      0.7424956198306978,
      0.8771381652646593,
      0.7140215817664468,
      0.7354497823331663,
      0.8363929984540606,
      0.8363929984540606,
      0.7601619629212237,
      0.8771381652646593,
      0.8131735486068044,
      0.8363929984540606,
      0.8617034723869603,
      0.8771381652646593,
      0.8931992569260069,
      0.7720182798548909,
      0.8071074888746517,
      0.8771381652646593,
      0.8363929984540606,
      0.8771381652646593,
      0.8671010968182002,
      0.8211621090120573,
      0.8937469479597027,
      0.7819135100545691
    ],
    [
      0.47893125543359144,
      0.7800713028803661,
      0.7057105025698449,
      0.831342546152839,
      0.8248700241732392,
      0.7699357589924083,
      0.9,
      0.7800713028803661,
      0.8259655187498594,
      0.8248700241732392,
      0.7601619629212237,
      1.0,
      0.8983726836555017,
      0.9,
      0.7874728167762903,
      0.8259655187498594,
      0.7800713028803661,
      0.7800713028803661,
      0.8388304405870666,
      0.7800713028803661,
      0.7785465292617766,
      0.7699357589924083,
      0.8259655187498594,
      0.7800713028803661,
      0.7850706765677435,
      0.8259655187498594,
      0.9,
      0.7800713028803661,
      0.7057105025698449,
      0.7057105025698449,
      0.76585096114465,
      0.7800713028803661,
      0.7800713028803661,
      0.7785465292617766,
      0.7800713028803661,
      0.8259655187498594,
      0.7800713028803661,
      0.8737062332563127,
      0.7800713028803661,
      0.7057105025698449,
      0.7465198514930962,
      0.7057105025698449,
      0.7850706765677435,
      0.8423253111215896,
      0.7800713028803661,
      0.8248700241732392,
      0.9,
      0.7213825815768691,
      0.7057105025698449,
      0.8829673315127804,
      0.7901048950853391,
      0.7800713028803661,
      0.7057105025698449,
      0.7239762422579379,
      0.8248700241732392,
      0.831342546152839,
      0.7601619629212237,
      0.8388304405870666,
      0.8259655187498594,
      0.7800713028803661,
      0.766116225886587,
      0.831342546152839,
      0.7413762507479076,
      0.8259655187498594,
      0.7800713028803661,
      0.9,
      0.8388304405870666,
      0.8388304405870666,
      0.7800713028803661,
      0.7800713028803661,
      0.753781645218724,
      0.7640425070193277,
      0.8259655187498594,
      0.7057105025698449,
      0.9,
      0.8983726836555017,
      0.7874728167762903,
      0.8248700241732392,
      0.7874728167762903,
      0.7800713028803661,
      0.8388304405870666,
      0.8983726836555017,
      0.7057105025698449,
      0.7057105025698449,
      0.9,
      0.7800713028803661,
      0.7980271883578953,
      0.7057105025698449,
      0.7019301589487825,
      0.7800713028803661,
      0.8776907652346235,
      0.8083038683453949,
      0.8259655187498594,
      0.7800713028803661,
      0.7057105025698449,
      0.7800713028803661,
      0.7785465292617766,
      0.8947019971362182,
      0.7640425070193277,
      0.8248700241732392
    ],
    [
      0.4703911215340269,
      0.8357766296328095,
      0.7934552001782809,
      0.7116783737499073,
      0.8857870883562126,
      0.7728711415901568,
      0.8983726836555017,
      0.8357766296328095,
      0.8994905392334642,
      0.8857870883562126,
      0.7354497823331663,
      0.8983726836555017,
      1.0000000000000009,
      0.8983726836555017,
      0.8791776486279342,
      0.8994905392334642,
      0.8357766296328095,
      0.8357766296328095,
      0.8827808883169833,
      0.8357766296328095,
      0.7494610436808542,
      0.7728711415901568,
      0.8994905392334642,
      0.8357766296328095,
      0.860181395138967,
      0.8994905392334642,
      0.8983726836555017,
      0.8357766296328095,
      0.7934552001782809,
      0.7934552001782809,
      0.7602617972929604,
      0.8357766296328095,
      0.8357766296328095,
      0.7494610436808542,
      0.8357766296328095,
      0.8994905392334642,
      0.8357766296328095,
      0.8337796011236772,
      0.8357766296328095,
      0.7934552001782809,
      0.7025472688758772,
      0.7934552001782809,
      0.860181395138967,
      0.8925156007337992,
      0.8357766296328095,
      0.8857870883562126,
      0.8983726836555017,
      0.7273515043591006,
      0.7934552001782809,
      0.8217913998994753,
      0.7712980094361173,
      0.8357766296328095,
      0.7934552001782809,
      0.765587311512189,
      0.8857870883562126,
      0.7116783737499073,
      0.7354497823331663,
      0.8827808883169833,
      0.8994905392334642,
      0.8357766296328095,
      0.8886967948032534,
      0.7116783737499073,
      0.8128720120654216,
      0.8994905392334642,
      0.8357766296328095,
      0.8983726836555017,
      0.8827808883169833,
      0.8827808883169833,
      0.8357766296328095,
      0.8357766296328095,
      0.7579566530655546,
      0.8991399293094515,
      0.8994905392334642,
      0.7934552001782809,
      0.8983726836555017,
      0.9,
      0.8791776486279342,
      0.8857870883562126,
      0.8791776486279342,
      0.8357766296328095,
      0.8827808883169833,
      0.9,
      0.7934552001782809,
      0.7934552001782809,
      0.8983726836555017,
      0.8357766296328095,
      0.895781099818858,
      0.7934552001782809,
      0.8544456704225357,
      0.8357766296328095,
      0.8587585853870165,
      0.7753298985736958,
      0.8994905392334642,
      0.8357766296328095,
      0.7934552001782809,
      0.8357766296328095,
      0.7494610436808542,
      0.7584822780296396,
      0.8991399293094515,
      0.8857870883562126
    ],
    [
      0.47893125543359144,
      0.7800713028803661,
      0.7057105025698449,
      0.831342546152839,
      0.8248700241732392,
      0.7699357589924083,
      0.9,
      0.7800713028803661,
      0.8259655187498594,
      0.8248700241732392,
      0.7601619629212237,
      0.9,
      0.8983726836555017,
      1.0,
      0.7874728167762903,
      0.8259655187498594,
      0.7800713028803661,
      0.7800713028803661,
      0.8388304405870666,
      0.7800713028803661,
      0.7785465292617766,
      0.7699357589924083,
      0.8259655187498594,
      0.7800713028803661,
      0.7850706765677435,
      0.8259655187498594,
      0.9,
      0.7800713028803661,
      0.7057105025698449,
      0.7057105025698449,
      0.76585096114465,
      0.7800713028803661,
      0.7800713028803661,
      0.7785465292617766,
      0.7800713028803661,
      0.8259655187498594,
      0.7800713028803661,
      0.8737062332563127,
      0.7800713028803661,
      0.7057105025698449,
      0.7465198514930962,
      0.7057105025698449,
      0.7850706765677435,
      0.8423253111215896,
      0.7800713028803661,
      0.8248700241732392,
      0.9,
      0.7213825815768691,
      0.7057105025698449,
      0.8829673315127804,
      0.7901048950853391,
      0.7800713028803661,
      0.7057105025698449,
      0.7239762422579379,
      0.8248700241732392,
      0.831342546152839,
      0.7601619629212237,
      0.8388304405870666,
      0.8259655187498594,
      0.7800713028803661,
      0.766116225886587,
      0.831342546152839,
      0.7413762507479076,
      0.8259655187498594,
      0.7800713028803661,
      0.9,
      0.8388304405870666,
      0.8388304405870666,
      0.7800713028803661,
      0.7800713028803661,
      0.753781645218724,
      0.7640425070193277,
      0.8259655187498594,
      0.7057105025698449,
      0.9,
      0.8983726836555017,
      0.7874728167762903,
      0.8248700241732392,
      0.7874728167762903,
      0.7800713028803661,
      0.8388304405870666,
      0.8983726836555017,
      0.7057105025698449,
      0.7057105025698449,
      0.9,
      0.7800713028803661,
      0.7980271883578953,
      0.7057105025698449,
      0.7019301589487825,
      0.7800713028803661,
      0.8776907652346235,
      0.8083038683453949,
      0.8259655187498594,
      0.7800713028803661,
      0.7057105025698449,
      0.7800713028803661,
      0.7785465292617766,
      0.8947019971362182,
      0.7640425070193277,
      0.8248700241732392
    ],
    [
      0.47855979539776144,
      0.7192145663276499,
      0.8874255429064343,
      0.8035350695183832,
      0.8229418804421362,
      0.7228594306001779,
      0.7874728167762903,
      0.7192145663276499,
      0.7600127740265585,
      0.8229418804421362,
      0.7424956198306978,
      0.7874728167762903,
      0.8791776486279342,
      0.7874728167762903,
      1.0,
      0.7600127740265585,
      0.7192145663276499,
      0.7192145663276499,
      0.7908205106022781,
      0.7192145663276499,
      0.763767252135348,
      0.7228594306001779,
      0.7600127740265585,
      0.7192145663276499,
      0.7147912298146206,
      0.7600127740265585,
      0.7874728167762903,
      0.7192145663276499,
      0.8874255429064343,
      0.8874255429064343,
      0.7384127717881848,
      0.7192145663276499,
      0.7192145663276499,
      0.763767252135348,
      0.7192145663276499,
      0.7600127740265585,
      0.7192145663276499,
      0.7261299720305154,
      0.7192145663276499,
      0.8874255429064343,
      0.7383620392632413,
      0.8874255429064343,
      0.7147912298146206,
      0.8442251147521833,
      0.7192145663276499,
      0.8229418804421362,
      0.7874728167762903,
      0.7157638880408783,
      0.8874255429064343,
      0.8821186894675697,
      0.7357917766697364,
      0.7192145663276499,
      0.8874255429064343,
      0.8949166448328687,
      0.8229418804421362,
      0.8035350695183832,
      0.7424956198306978,
      0.7908205106022781,
      0.7600127740265585,
      0.7192145663276499,
      0.7989039184142559,
      0.8035350695183832,
      0.7003455374771523,
      0.7600127740265585,
      0.7192145663276499,
      0.7874728167762903,
      0.7908205106022781,
      0.7908205106022781,
      0.7192145663276499,
      0.7192145663276499,
      0.7119131776741736,
      0.7360147798345753,
      0.7600127740265585,
      0.8874255429064343,
      0.7874728167762903,
      0.8791776486279342,
      0.9,
      0.8229418804421362,
      0.9,
      0.7192145663276499,
      0.7908205106022781,
      0.8791776486279342,
      0.8874255429064343,
      0.8874255429064343,
      0.7874728167762903,
      0.7192145663276499,
      0.8074912002441827,
      0.8874255429064343,
      0.8894879089820631,
      0.7192145663276499,
      0.7086962191985255,
      0.7568452803238992,
      0.7600127740265585,
      0.7192145663276499,
      0.8874255429064343,
      0.7192145663276499,
      0.763767252135348,
      0.8966741984852133,
      0.7360147798345753,
      0.8229418804421362
    ],
    [
      0.4761076144483123,
      0.7435252059223316,
      0.8847696660606211,
      0.8429502573470566,
      0.822425336746468,
      0.810154136214535,
      0.8259655187498594,
      0.7435252059223316,
      0.9,
      0.822425336746468,
      0.8071074888746517,
      0.8259655187498594,
      0.8994905392334642,
      0.8259655187498594,
      0.7600127740265585,
      1.0000000000000007,
      0.7435252059223316,
      0.7435252059223316,
      0.7822102467275651,
      0.7435252059223316,
      0.8180059146838834,
      0.810154136214535,
      0.9,
      0.7435252059223316,
      0.7491247190358981,
      0.9,
      0.8259655187498594,
      0.7435252059223316,
      0.8847696660606211,
      0.8847696660606211,
      0.7850475047935728,
      0.7435252059223316,
      0.7435252059223316,
      0.8180059146838834,
      0.7435252059223316,
      0.9,
      0.7435252059223316,
      0.8603704628630919,
      0.7435252059223316,
      0.8847696660606211,
      0.7348103261033492,
      0.8847696660606211,
      0.7491247190358981,
      0.863537813531164,
      0.7435252059223316,
      0.822425336746468,
      0.8259655187498594,
      0.7588372149881333,
      0.8847696660606211,
      0.8665926202795208,
      0.8276843314202691,
      0.7435252059223316,
      0.8847696660606211,
      0.8974358789621029,
      0.822425336746468,
      0.8429502573470566,
      0.8071074888746517,
      0.7822102467275651,
      0.9,
      0.7435252059223316,
      0.7365554333765911,
      0.8429502573470566,
      0.7653673386223923,
      0.9,
      0.7435252059223316,
      0.8259655187498594,
      0.7822102467275651,
      0.7822102467275651,
      0.7435252059223316,
      0.7435252059223316,
      0.7795106170438546,
      0.7274086565212032,
      0.9,
      0.8847696660606211,
      0.8259655187498594,
      0.8994905392334642,
      0.7600127740265585,
      0.822425336746468,
      0.7600127740265585,
      0.7435252059223316,
      0.7822102467275651,
      0.8994905392334642,
      0.8847696660606211,
      0.8847696660606211,
      0.8259655187498594,
      0.7435252059223316,
      0.8032512303463322,
      0.8847696660606211,
      0.8851941847226538,
      0.7435252059223316,
      0.8756295391021715,
      0.7797293889335073,
      0.9,
      0.7435252059223316,
      0.8847696660606211,
      0.7435252059223316,
      0.8180059146838834,
      0.7269536081152317,
      0.7274086565212032,
      0.822425336746468
    ],
    [
